DO10324 10 130744879 130744880
DO10324 11 47806640 47806641
DO10324 1 247105281 247105282
DO10324 1 49594512 49594513
DO10324 1 65671198 65671199
DO10324 22 29065924 29065925
DO10324 2 147497215 147497216
DO10324 4 145114065 145114066
DO10324 4 17052924 17052925
DO10324 5 147263412 147263413
DO10324 6 13646411 13646412
DO10324 7 52632162 52632163
DO10324 7 67427733 67427734
DO10324 8 74931759 74931760
DO219106 3 146715119 146715120
DO219106 8 63016393 63016394
DO219106 8 63016530 63016531
DO44087 15 98490472 98490473
DO44087 21 18925390 18925391
DO44088 1 187735032 187735033
DO44088 2 189575969 189575970
DO44088 6 87667173 87667174
DO44091 15 24366285 24366286
DO44091 4 10539330 10539331
DO44091 6 126426838 126426839
DO44091 7 85104181 85104182
DO44091 7 94168803 94168804
DO44092 9 7741266 7741267
DO44093 10 55615664 55615665
DO44093 2 214405313 214405314
DO44093 6 695389 695390
DO44095 10 93060169 93060170
DO44095 5 92786896 92786897
DO44096 3 90361704 90361705
DO44096 4 53701259 53701260
DO44096 6 156761969 156761970
DO44096 8 83104198 83104199
DO50090 10 133083636 133083637
DO50090 14 106573005 106573006
DO50090 3 148610747 148610748
DO50090 9 108964880 108964881
DO51731 11 65114545 65114546
DO51731 8 77435815 77435816
DO51731 8 78259934 78259935
DO51731 9 105688255 105688256
DO9074 11 26575433 26575434
DO9074 14 106484366 106484367
DO9074 17 51340671 51340672
DO9074 19 30905240 30905241
DO9074 1 248254537 248254538
DO9074 2 230523645 230523646
DO9074 2 82555913 82555914
DO9074 3 156622098 156622099
DO9074 4 130683501 130683502
DO9074 7 125264019 125264020
DO9074 7 28485183 28485184
DO9226 11 118429672 118429673
DO9226 14 40293576 40293577
DO9226 7 40311163 40311164
DO9226 7 55698703 55698704
DO9226 8 107813264 107813265
DO9226 8 52326494 52326495
DO9226 8 80243318 80243319
DO9708 10 68605567 68605568
DO9732 10 13169331 13169332
DO9732 14 87924222 87924223
DO9732 18 53877730 53877731
DO9732 20 18348919 18348920
DO9732 21 29360734 29360735
DO9732 2 14120046 14120047
DO9732 2 193236213 193236214
DO9732 2 204359182 204359183
DO9732 2 52265812 52265813
DO9732 3 37278749 37278750
DO9732 4 116200330 116200331
DO9732 5 5046541 5046542
DO9732 6 66857758 66857759
DO9732 6 78877713 78877714
DO9732 7 15353897 15353898
DO9732 7 57223903 57223904
DO9732 7 88662614 88662615
DO9732 8 49552980 49552981
DO9732 8 55091992 55091993
DO9732 8 58788850 58788851
DO9732 X 48140719 48140720
DO9732 X 65057432 65057433
DO9732 X 80026044 80026045
DO9732 X 92254005 92254006
