chr10	3041557	3041564	3041557	3041564	419	419	1375	1375	16	20	1	+	16	10	10	260	0	0	0
chr10	17480874	17480875	17480874	17480875	535	535	1375	1375	18	20	1	+	16	14	14	16	0	0	0
chr10	26894003	26894145	26894003	26894145	1254	1254	1358	1358	1	7	0	+	-	16	16	29	0	0	0
chr10	80627644	80627655	80627644	80627655	421	421	1371	1373	7	19	0	+	14	10	10	30	0	0	0
chr10	118264440	118264440	118264440	118264440	1280	1280	1375	1375	6	6	0	-	16	14	14	23	0	0	0
chr11	5105716	5105734	5105716	5105734	421	421	1367	1369	6	9	0	+	9	18	18	23	0	0	0
chr11	8818100	8818117	8818100	8818117	421	427	1375	1375	8	20	1	+	16	17	17	26	0	0	0
chr11	66394634	66394644	66394634	66394644	421	421	1374	1375	5	8	0	+	15	19	19	5	0	0	0
chr12	4633740	4633750	4633740	4633750	419	422	1371	1375	6	15	0	-	14	10	10	24	0	0	0
chr12	58635300	58635309	58635300	58635309	421	421	1371	1374	14	16	0	+	13	18	18	6	0	0	0
chr12	107281573	107281587	107281573	107281587	421	421	1375	1375	5	9	1	+	16	14	14	950	0	0	0
chr13	35751190	35751190	35751190	35751190	423	423	1375	1375	7	7	0	-	16	15	15	21	0	0	0
chr13	41649590	41649599	41649590	41649599	419	428	1375	1375	7	10	0	-	16	22	22	3	0	0	0
chr13	51161126	51161142	51161126	51161142	421	422	1374	1375	27	38	1	+	15	29	29	81	0	0	0
chr13	81793563	81793577	81793563	81793577	421	422	1375	1375	8	22	0	-	16	13	13	3	0	0	0
chr14	39064010	39064017	39064013	39064017	419	422	1375	1375	5	13	1	+	16	23	23	1	0	0	0
chr14	81320430	81320439	81320430	81320439	421	421	1375	1375	9	12	0	-	16	11	11	7	0	0	0
chr15	45697482	45697494	45697482	45697494	421	421	1375	1375	7	9	1	-	16	12	12	16	0	0	0
chr15	63477828	63477844	63477828	63477844	422	427	1375	1375	18	19	0	+	16	17	17	264	0	0	0
chr15	84607674	84607692	84607674	84607692	419	422	1373	1375	10	16	0	-	14	13	13	8	0	0	0
chr16	36115561	36115561	36115561	36115561	421	421	1373	1375	2	8	0	-	15	16	16	23	0	0	0
chr16	74811109	74811109	74811109	74811109	421	421	1373	1375	9	19	0	+	15	16	16	67	0	0	0
chr16	75469418	75469437	75469418	75469437	421	422	1369	1371	18	26	2	+	11	317	313	47	0	0	0
chr17	5055890	5055910	5055890	5055910	421	422	1375	1375	15	39	1	-	16	24	25	0	0	0	0
chr17	20038316	20038332	20038316	20038332	581	581	1375	1375	9	11	1	-	16	30	30	22	0	0	0
chr17	20092294	20092308	20092294	20092308	419	427	1373	1375	5	17	0	-	15	14	14	347	0	0	0
chr17	43409597	43409610	43409597	43409610	421	422	1371	1373	7	14	0	+	12	20	20	330	0	0	0
chr17	45583234	45583246	45583234	45583246	422	422	1375	1375	5	7	0	-	16	12	12	6	0	0	0
chr17	46283691	46283760	46283691	46283760	1254	1254	1358	1358	1	19	0	-	-	7	7	22	0	0	0
chr18	49810931	49810946	49810931	49810946	422	422	1375	1375	19	24	0	+	16	14	14	11	0	0	0
chr18	58573614	58573614	58573614	58573614	1272	1272	1375	1375	8	8	0	-	16	14	14	9	0	0	0
chr19	11276107	11276107	11276107	11276107	1	1	1373	1373	4	5	0	-	14	14	14	5	0	0	0
chr19	18724790	18724803	18724790	18724803	422	422	1375	1375	18	19	0	-	16	16	16	313	0	0	0
chr19	23828484	23828499	23828485	23828499	422	423	1374	1375	20	23	0	+	15	14	14	1	0	0	0
chr19	23845120	23845135	23845120	23845135	422	422	1374	1375	14	26	1	-	15	25	27	229	0	0	0
chr19	44449686	44449696	44449686	44449696	421	421	1374	1375	4	7	0	+	15	10	10	70	0	0	0
chr19	46833483	46833495	46833483	46833495	421	421	1374	1375	3	9	0	+	15	22	22	404	0	0	0
chr1	37775711	37775725	37775711	37775725	421	421	1374	1375	7	9	0	-	15	14	14	25	0	0	0
chr1	38829925	38829938	38829925	38829938	427	427	1375	1375	1	7	1	+	16	14	14	5	0	0	0
chr1	64384497	64384497	64384497	64384497	420	420	1375	1375	8	15	2	+	16	10	10	11	0	0	0
chr1	88507127	88507143	88507127	88507143	500	500	1375	1375	8	13	1	+	16	16	16	1106	0	0	0
chr1	111353552	111353566	111353552	111353566	497	499	1373	1375	17	20	0	+	15	13	13	41	0	0	0
chr1	165892147	165892164	165892147	165892164	422	424	1375	1375	12	12	0	-	16	16	16	17	0	0	0
chr1	168451691	168451703	168451691	168451703	422	422	1375	1375	8	12	0	-	16	12	12	10	0	0	0
chr1	236374896	236374909	236374896	236374909	421	445	1375	1375	9	17	0	-	16	12	12	0	0	0	0
chr20	4102183	4102200	4102183	4102200	421	421	1375	1375	9	10	0	+	16	16	16	9	0	0	0
chr20	30880741	30880746	30880741	30880746	421	423	1373	1375	7	13	0	+	15	16	16	80	0	0	0
chr20	52091834	52091845	52091834	52091845	421	422	1375	1375	21	25	0	+	16	54	54	19	0	0	0
chr21	39908213	39908227	39908213	39908227	418	422	1375	1375	4	14	0	-	16	14	14	51	0	0	0
chr22	12344348	12344348	12344348	12344348	421	421	1369	1370	6	6	0	-	10	1145	1137	1	0	0	0
chr22	16437286	16437286	16437286	16437286	422	422	1375	1375	6	8	0	+	16	10	10	3	0	0	0
chr22	17653857	17653857	17653857	17653857	421	421	1375	1375	13	14	0	+	16	13	13	4	0	0	0
chr22	49029645	49029657	49029650	49029657	422	423	1375	1375	2	15	0	+	16	11	11	18	0	0	0
chr2	47582850	47582866	47582850	47582866	422	422	1371	1373	22	25	0	-	13	25	25	90	0	0	0
chr2	193680304	193680321	193680304	193680321	421	427	1375	1375	2	10	0	-	16	24	23	457	0	0	0
chr3	126371344	126371360	126371344	126371360	421	421	1375	1375	11	11	0	+	16	16	16	6	0	0	0
chr3	138126528	138126545	138126528	138126545	419	427	1363	1369	19	31	1	+	6	19	18	9	0	0	0
chr3	147890049	147890066	147890049	147890066	422	422	1375	1375	10	19	2	+	16	17	17	12	0	0	0
chr3	186982843	186982854	186982843	186982854	422	422	1375	1375	4	6	0	-	16	19	19	0	0	0	0
chr4	9703204	9703204	9703204	9703204	421	422	1374	1375	4	6	0	+	15	20	20	81	0	0	0
chr5	721256	721269	721256	721269	421	421	1374	1375	3	6	1	+	15	13	13	22	0	0	0
chr5	56152168	56152184	56152168	56152184	1219	1219	1375	1375	32	33	0	+	16	15	15	81	0	0	0
chr5	79130727	79130745	79130727	79130745	419	427	1371	1373	7	12	0	+	12	18	18	26	0	0	0
chr5	126729430	126729445	126729430	126729445	543	543	1375	1375	7	10	0	+	16	15	15	52	0	0	0
chr5	134619331	134619333	134619333	134619335	422	422	1375	1375	2	6	1	+	16	12	12	1	0	0	0
chr5	142000089	142000105	142000089	142000105	421	421	1375	1375	12	27	2	-	16	16	16	514	0	0	0
chr5	142000089	142000105	142000089	142000105	421	421	1375	1375	16	36	2	-	16	16	16	514	0	0	0
chr5	151166575	151166590	151166575	151166590	421	421	1375	1375	11	15	0	-	16	19	19	238	0	0	0
chr5	179555622	179555622	179555622	179555622	1331	1331	1371	1371	5	5	0	-	12	12	12	0	0	0	0
chr6	2919923	2919923	2919923	2919923	422	422	1375	1375	10	11	0	+	16	15	15	15	0	0	0
chr6	32546835	32546846	32546835	32546846	421	421	1375	1375	8	9	0	+	16	10	10	1	0	0	0
chr6	138775843	138775860	138775843	138775860	421	421	1374	1375	8	11	2	+	15	16	16	53	0	0	0
chr6	144694252	144694266	144694252	144694266	421	421	1375	1375	7	9	1	-	16	14	14	445	0	0	0
chr6	153108702	153108722	153108702	153108722	971	971	1375	1375	20	21	1	+	16	19	19	437	0	0	0
chr7	5856400	5856417	5856400	5856417	422	427	1370	1375	5	21	0	-	11	17	17	26	0	0	0
chr7	29791577	29791591	29791577	29791591	581	581	1374	1375	10	17	0	-	15	17	17	66	0	0	0
chr7	64197473	64197482	64197473	64197482	422	424	1375	1375	6	12	1	-	16	9	9	0	0	0	0
chr7	65580693	65580707	65580693	65580707	421	421	1375	1375	2	7	2	-	16	14	14	11	0	0	0
chr7	129475232	129475335	129475232	129475335	1171	1171	1374	1374	10	10	0	-	15	12	12	2	0	0	0
chr8	108123694	108123694	108123695	108123696	422	422	1375	1375	6	9	0	+	16	14	14	1	0	0	0
chr8	117611592	117611605	117611592	117611605	472	472	1375	1375	3	10	2	-	16	9	9	419	0	0	0
chr8	127613045	127613055	127613045	127613055	421	446	1375	1375	2	8	0	+	16	18	18	12	0	0	0
chr9	33130551	33130562	33130551	33130562	422	422	1375	1375	8	13	0	-	16	16	16	13	0	0	0
chr9	34703689	34703703	34703689	34703703	421	421	1367	1375	5	6	0	-	8	14	14	26	0	0	0
chr9	41480583	41480584	41480584	41480584	422	422	1375	1375	8	31	23	+	16	16	16	68	1	1263	1270
chr9	41480584	41480584	41480584	41480584	422	422	1375	1375	5	5	0	+	16	16	16	69	1	646	1270
chr9	41480584	41480584	41480584	41480584	1270	1270	1375	1375	8	8	0	+	16	16	16	68	0	0	0
chr9	79122622	79122633	79122622	79122633	421	427	1375	1375	4	12	2	+	16	55	54	8	0	0	0
chr9	104844307	104844322	104844307	104844322	421	421	1375	1375	8	10	1	+	16	14	14	417	0	0	0
chr9	131414410	131414425	131414410	131414425	422	422	1375	1375	9	14	0	-	16	18	18	6	0	0	0
chr9	134578256	134578273	134578256	134578273	427	427	1374	1375	1	6	0	+	15	47	43	52	0	0	0
chrX	91080648	91080663	91080648	91080663	421	422	1375	1375	8	24	1	-	16	15	15	602	0	0	0
chrX	101542040	101542055	101542040	101542055	472	472	1375	1375	22	27	1	-	16	18	18	30	0	0	0
