chr10	2568610	2568725	2568610	2568725	5911	5911	6039	6056	2	6	0	+	31	6	6	50	0	0	0
chr10	6641417	6641600	6641417	6641600	5929	5937	6034	6037	3	11	0	-	11	6	6	1	0	0	0
chr10	18927722	18927723	18927728	18927728	5183	5183	6049	6051	12	12	0	+	24	11	11	1	1	5567	5566
chr10	23553113	23553130	23553113	23553130	2649	2649	6054	6058	10	14	4	-	30	17	17	13	0	0	0
chr10	25418758	25418769	25418758	25418769	1	1	6045	6046	1	5	4	-	21	11	11	0	0	0	0
chr10	32640762	32640865	32640762	32640865	5910	5911	6033	6033	5	7	0	-	8	8	8	18	0	0	0
chr10	38956089	38956089	38956093	38956094	4140	4140	6055	6059	1	17	0	+	34	6	6	1	1	4837	5453
chr10	39359895	39360234	39359895	39360234	5237	5237	6042	6042	7	7	0	+	17	7	7	1	1	5765	5769
chr10	39340923	39340923	39340923	39340923	5237	5237	6042	6042	5	5	0	+	17	7	7	1	1	5765	5769
chr10	42223778	42223778	42223778	42223778	5283	5283	6058	6059	7	7	0	+	33	6	6	52	0	0	0
chr10	58170090	58170330	58170090	58170330	5904	5904	6025	6025	2	5	0	+	0	10	10	14	0	0	0
chr10	65081731	65081750	65081731	65081750	5985	5986	6035	6035	7	7	0	-	10	9	9	4	0	0	0
chr10	79589245	79589431	79589245	79589431	5938	5938	6033	6033	2	5	0	+	8	6	6	16	0	0	0
chr10	89783786	89784025	89783786	89784025	5904	5905	6032	6032	5	6	0	-	7	15	15	29	0	0	0
chr10	111257658	111257953	111257658	111257953	5713	5713	6033	6033	7	11	0	+	8	15	16	28	0	0	0
chr10	123293627	123293632	123293627	123293632	5868	5868	6034	6035	4	5	0	+	9	6	6	447	0	0	0
chr11	1282212	1282497	1282212	1282497	5901	5901	6044	6048	7	8	0	+	19	18	18	1	0	0	0
chr11	1613055	1613055	1613055	1613055	5921	5933	6051	6051	3	5	0	-	26	8	8	0	0	0	0
chr11	14036910	14037103	14036910	14037103	5932	5932	6042	6043	3	5	0	-	17	9	9	0	0	0	0
chr11	15358699	15358699	15358699	15358699	4668	4668	6054	6057	12	12	0	+	30	16	16	180	1	5541	5549
chr11	20228655	20228989	20228655	20228989	5794	5794	6047	6047	1	7	0	-	22	10	11	0	0	0	0
chr11	24573767	24573767	24573767	24573767	5897	5897	6058	6058	7	7	0	-	33	6	6	17	0	0	0
chr11	24780860	24781070	24780860	24781070	5948	5948	6035	6035	2	5	0	-	10	8	8	0	0	0	0
chr11	33648577	33648593	33648577	33648593	4430	4430	6057	6059	15	16	1	+	33	6	6	23	1	4839	4853
chr11	41810247	41810259	41810249	41810261	4581	4581	6042	6045	33	34	0	-	18	12	12	0	1	5545	5545
chr11	48734289	48734295	48734289	48734295	5687	5696	6042	6052	28	31	1	+	19	6	6	277	0	0	0
chr11	48916752	48916900	48916752	48916900	4790	4790	6052	6053	6	8	2	+	27	10	10	15	0	0	0
chr11	48923370	48923370	48923370	48923370	4790	4790	6052	6054	11	11	0	+	27	10	10	14	0	0	0
chr11	50655061	50655061	50655061	50655061	5452	5452	6059	6059	5	5	0	+	34	14	14	4	0	0	0
chr11	50653266	50653266	50653266	50653266	5452	5452	6046	6059	7	10	3	+	34	17	17	5	0	0	0
chr11	54961719	54961960	54961719	54961960	5419	5419	6033	6033	3	6	0	-	8	6	6	35	1	5677	5670
chr11	55058967	55059006	55058967	55059006	5932	5932	6048	6049	6	10	0	-	23	6	6	2604	0	0	0
chr11	58404365	58404375	58404370	58404375	4546	4550	6040	6043	18	22	4	+	16	8	8	1	0	0	0
chr11	67831576	67831589	67831576	67831589	1	2	6048	6056	5	6	0	+	29	6	6	1	0	0	0
chr11	86128334	86128371	86128334	86128371	5947	5947	6038	6040	15	17	0	-	14	13	13	0	0	0	0
chr11	88918084	88918294	88918084	88918294	5905	5905	6034	6034	6	8	0	+	9	7	7	9	0	0	0
chr11	89161372	89161885	89161372	89161885	5966	5966	6038	6038	3	11	0	+	13	20	18	29	0	0	0
chr11	91161262	91161711	91161262	91161711	5875	5876	6041	6041	1	12	0	-	16	6	6	0	0	0	0
chr11	94951203	94951205	94951205	94951221	1929	1929	6058	6059	1	16	2	+	34	9	9	18	0	0	0
chr11	98325563	98325564	98325563	98325564	5954	5955	6051	6053	9	9	0	-	26	10	10	0	0	0	0
chr11	118336332	118336417	118336332	118336417	5995	5995	6041	6042	7	7	0	-	16	15	15	57	0	0	0
chr11	134435748	134435748	134435752	134435755	5724	5724	6045	6052	23	23	0	-	23	6	6	0	0	0	0
chr12	7431428	7431543	7431428	7431543	5814	5814	6029	6029	2	5	0	+	4	12	12	1	0	0	0
chr12	10869344	10869566	10869344	10869566	5993	5993	6031	6031	4	10	0	+	6	7	7	34	0	0	0
chr12	11066592	11066592	11066595	11066595	5895	5895	6057	6059	23	23	0	-	33	7	7	20	0	0	0
chr12	12780746	12780757	12780746	12780757	4270	4270	6044	6046	7	8	1	-	19	11	11	0	0	0	0
chr12	23521625	23521695	23521625	23521695	5851	5851	6035	6035	11	11	0	-	10	8	8	0	0	0	0
chr12	28073480	28073495	28073480	28073495	1	1	6051	6058	3	8	5	-	32	12	12	0	0	0	0
chr12	37800769	37800773	37800769	37800773	5662	5669	6058	6059	1	18	2	+	33	6	6	27	0	0	0
chr12	38430542	38430559	38430544	38430559	3197	3197	6056	6058	11	11	0	-	31	16	16	28	1	3266	3276
chr12	42863170	42863179	42863170	42863182	4882	4882	6047	6054	26	28	2	-	27	10	10	29	0	0	0
chr12	46975843	46975843	46975843	46975843	5021	5021	6059	6059	14	15	1	+	34	6	6	16	0	0	0
chr12	46882643	46882819	46882643	46882819	5917	5917	6035	6035	4	5	0	-	10	9	9	2	0	0	0
chr12	48535269	48535271	48535269	48535271	5404	5404	6059	6059	11	11	0	+	34	11	11	53	0	0	0
chr12	51500679	51500851	51500679	51500851	5908	5908	6059	6059	21	25	1	-	34	6	6	167	0	0	0
chr12	60960955	60960982	60960955	60960982	5992	5992	6035	6035	5	5	0	+	10	15	15	24	0	0	0
chr12	66976911	66977173	66976911	66977173	5992	5992	6050	6050	3	5	0	-	25	6	6	13	0	0	0
chr12	71035832	71036129	71035832	71036129	5824	5824	6033	6033	1	6	0	+	8	10	10	1	0	0	0
chr12	84561422	84561438	84561424	84561438	4271	4271	6059	6059	13	16	3	-	34	6	6	4	0	0	0
chr12	84753537	84753754	84753537	84753754	5837	5837	6030	6030	3	6	0	+	5	15	15	5	0	0	0
chr12	85112498	85112513	85112498	85112513	5303	5303	6059	6059	13	14	1	+	34	18	18	3	0	0	0
chr12	85243202	85243202	85243202	85243202	5989	5989	6059	6059	5	5	0	-	34	6	6	2	0	0	0
chr12	101235185	101235429	101235185	101235429	5837	5837	6051	6051	2	17	1	+	26	8	8	11	0	0	0
chr12	105775302	105775815	105775302	105775815	5927	5927	6046	6046	1	6	0	+	21	6	6	43	0	0	0
chr12	126318383	126318395	126318383	126318395	1	1	6041	6043	4	9	5	-	17	12	12	0	0	0	0
chr12	131585169	131585396	131585169	131585396	5851	5851	6042	6042	1	12	0	+	17	9	9	1	0	0	0
chr13	16015609	16015609	16015609	16015609	5539	5539	6057	6059	1	5	0	-	34	6	6	10	0	0	0
chr13	19365528	19365540	19365528	19365540	5802	5802	6034	6034	5	5	0	+	9	10	10	1	1	5842	5967
chr13	22436082	22436304	22436082	22436304	5932	5932	6032	6032	3	6	0	+	7	7	7	5	0	0	0
chr13	24518277	24518660	24518277	24518660	5936	5936	6044	6044	2	9	0	-	19	6	6	36	0	0	0
chr13	26913972	26913990	26913975	26913990	5155	5155	6049	6057	28	31	2	+	26	16	16	1	0	0	0
chr13	42197250	42197253	42197250	42197253	5667	5667	6058	6059	10	10	0	+	33	16	16	3	0	0	0
chr13	49013122	49013310	49013122	49013310	5959	5959	6029	6029	4	6	0	-	4	6	6	376	0	0	0
chr13	55797808	55797909	55797808	55797909	5974	5975	6032	6032	5	5	0	-	7	8	8	1	0	0	0
chr13	61160351	61160363	61160353	61160364	4716	4716	6041	6044	20	20	0	+	17	12	11	1	1	5546	5551
chr13	64064334	64064476	64064334	64064476	5916	5916	6055	6055	3	5	0	+	30	13	13	8	0	0	0
chr13	78685653	78685659	78685654	78685659	4185	4185	6055	6059	21	26	5	-	32	6	6	2	0	0	0
chr13	85297467	85297476	85297469	85297476	5290	5290	6057	6059	14	15	1	-	33	9	9	0	0	0	0
chr13	89405742	89405957	89405742	89405957	5932	5932	6050	6050	3	6	0	-	25	6	6	46	0	0	0
chr13	98867620	98867636	98867620	98867636	1	1	6059	6059	3	11	8	+	34	9	9	5	0	0	0
chr13	98268779	98268807	98268779	98268807	5453	5453	6029	6029	5	5	0	-	4	21	21	2501	0	0	0
chr13	103643873	103643889	103643873	103643889	5056	5061	6059	6059	23	25	2	-	34	9	9	2	0	0	0
chr13	106784077	106784092	106784077	106784092	1	1	6037	6045	1	16	15	-	20	10	10	0	0	0	0
chr13	106390770	106390835	106390770	106390835	5790	5790	6046	6047	7	8	0	-	21	12	12	0	0	0	0
chr14	19942312	19942482	19942312	19942482	5141	5141	6041	6049	4	5	0	-	16	12	12	0	1	5231	5999
chr14	19942312	19942482	19942312	19942482	5999	5999	6041	6049	4	5	0	-	16	6	6	25	0	0	0
chr14	22409630	22409793	22409630	22409793	5948	5948	6054	6054	3	9	0	+	29	6	6	2	0	0	0
chr14	27832046	27832049	27832049	27832050	5605	5605	6044	6047	32	33	0	+	20	6	6	42	0	0	0
chr14	28529504	28529721	28529504	28529721	5916	5917	6033	6033	3	6	0	-	8	6	6	50	0	0	0
chr14	30681603	30681621	30681604	30681621	2	13	6052	6056	2	12	9	-	29	18	18	72	0	0	0
chr14	36205539	36205539	36205539	36205539	5839	5839	6059	6059	25	25	0	+	34	15	15	10	0	0	0
chr14	39405876	39405880	39405876	39405885	3054	3071	6054	6058	9	13	3	+	31	8	8	20	0	0	0
chr14	39560316	39560316	39560316	39560316	5978	5978	6038	6038	6	6	0	-	13	7	7	9	0	0	0
chr14	39296606	39296606	39296606	39296606	5906	5906	6058	6059	17	17	0	-	33	10	10	2	0	0	0
chr14	51588148	51588228	51588148	51588228	5932	5932	6053	6053	5	5	0	-	28	6	6	3	0	0	0
chr14	52037172	52037268	52037172	52037268	5881	5882	6027	6027	9	9	0	-	2	7	7	44	0	0	0
chr14	62517234	62517307	62517234	62517307	5809	5809	6059	6059	1	6	0	-	34	6	6	12	0	0	0
chr14	66953163	66953165	66953163	66953165	1	1	6058	6059	1	9	8	-	34	13	13	11	0	0	0
chr14	70731060	70731080	70731060	70731080	1	1	6059	6059	2	11	9	+	34	23	23	10	0	0	0
chr14	75171691	75171921	75171691	75171921	5938	5938	6034	6034	2	7	0	-	9	11	11	0	0	0	0
chr14	81010868	81010879	81010868	81010879	1	1	6034	6035	1	5	4	-	9	8	8	4	0	0	0
chr14	88686003	88686303	88686003	88686303	5937	5937	6057	6057	8	14	0	+	32	6	6	1	0	0	0
chr14	100342707	100342707	100342707	100342707	5887	5887	6042	6042	11	11	0	-	17	8	8	7	0	0	0
chr15	17049134	17049134	17049134	17049134	3955	3955	6031	6032	5	5	0	-	6	11	11	0	1	4541	4596
chr15	17035562	17035562	17035562	17035562	5600	5600	6039	6039	20	20	0	-	14	6	6	0	0	0	0
chr15	23498415	23498572	23498417	23498572	5591	5591	6029	6031	17	17	0	-	5	39	39	0	1	5825	5948
chr15	25714178	25714417	25714178	25714417	5990	5990	6042	6042	3	5	0	+	17	11	12	1	0	0	0
chr15	27930645	27930658	27930646	27930658	5673	5673	6055	6058	16	16	0	-	31	13	13	0	0	0	0
chr15	37415687	37415689	37415688	37415716	5354	5384	6058	6059	30	33	2	-	34	10	11	7	0	0	0
chr15	37892893	37892998	37892893	37892998	5960	5960	6029	6029	4	5	0	-	4	20	20	134	0	0	0
chr15	61877439	61877450	61877439	61877450	5994	5994	6059	6059	13	13	0	-	34	14	14	2	0	0	0
chr15	100390939	100390939	100390939	100390939	4619	4619	6052	6055	12	12	0	-	28	14	14	0	1	5024	5038
chr16	6660038	6660225	6660038	6660225	5938	5938	6028	6028	10	11	0	+	3	6	6	13	0	0	0
chr16	7385956	7385960	7385956	7385969	1	1	6025	6059	1	14	12	-	34	13	14	2	0	0	0
chr16	11318082	11318201	11318082	11318201	5887	5887	6028	6028	6	6	0	+	3	10	10	3	0	0	0
chr16	25194009	25194170	25194009	25194170	5910	5910	6057	6057	2	5	0	-	32	11	11	0	0	0	0
chr16	59071364	59071419	59071364	59071419	5938	5938	6030	6030	5	5	0	-	5	6	6	86	0	0	0
chr16	72702524	72702673	72702524	72702673	5784	5784	6037	6039	10	11	0	-	12	13	13	0	0	0	0
chr16	75385750	75385910	75385750	75385910	5948	5948	6033	6034	1	7	0	+	9	13	13	1	0	0	0
chr16	76418246	76418394	76418246	76418394	5990	5990	6027	6027	16	16	0	-	2	14	14	12	0	0	0
chr17	5806543	5806587	5806543	5806587	6000	6000	6044	6044	4	5	0	-	19	8	8	64	0	0	0
chr17	6438314	6438327	6438314	6438327	5954	5954	6059	6059	19	19	0	-	34	14	14	0	0	0	0
chr17	7103580	7103778	7103580	7103778	5881	5882	6034	6034	4	6	0	-	9	11	11	0	0	0	0
chr17	26696917	26697063	26696917	26697063	5916	5916	6038	6046	4	5	0	-	13	9	9	4	0	0	0
chr17	26640335	26640335	26640335	26640335	5060	5060	6041	6044	17	17	0	+	17	7	7	6	0	0	0
chr17	30071291	30071295	30071291	30071295	4817	4817	6026	6059	11	17	2	+	3	6	6	208	0	0	0
chr17	34486590	34486628	34486590	34486628	4998	4998	6055	6058	18	18	0	+	31	38	35	14	1	5218	5231
chr17	41195390	41195525	41195390	41195525	5992	5992	6043	6043	5	5	0	+	18	11	10	39	0	0	0
chr17	41100433	41100746	41100433	41100746	5848	5848	6037	6037	2	7	0	+	12	7	7	28	0	0	0
chr17	52957988	52958070	52957988	52958070	5979	5979	6058	6058	2	5	0	-	33	10	10	75	0	0	0
chr17	52332188	52332322	52332188	52332322	5950	5950	6025	6025	6	6	0	-	0	45	44	43	0	0	0
chr17	59553548	59553931	59553548	59553931	5884	5884	6035	6042	6	15	0	+	14	12	13	3	0	0	0
chr17	82857747	82857747	82857747	82857747	5915	5915	6059	6059	7	8	0	-	34	6	6	0	0	0	0
chr18	843333	843489	843333	843489	5779	5779	6050	6050	1	10	0	-	25	17	17	0	0	0	0
chr18	2157992	2158005	2157992	2158005	5914	5914	6052	6052	16	16	0	+	27	9	9	1	0	0	0
chr18	31152939	31152939	31152939	31152939	1065	1065	6058	6059	12	12	0	-	33	17	17	16	1	1090	5273
chr18	31152939	31152956	31152939	31152956	5273	5273	6058	6059	12	13	1	-	33	17	17	16	0	0	0
chr18	51689849	51689863	51689849	51689863	3	3	6059	6059	4	12	8	-	34	13	13	13	0	0	0
chr18	53899356	53899370	53899356	53899370	1	1	6038	6041	10	13	3	-	13	14	14	0	0	0	0
chr18	61912728	61912733	61912735	61912735	5824	5824	6048	6051	12	12	0	+	24	9	9	1	0	0	0
chr18	68214992	68214992	68214992	68214992	5965	5965	6035	6035	10	10	0	-	10	8	8	333	0	0	0
chr18	70960737	70960940	70960737	70960940	5955	5955	6043	6043	2	5	0	+	18	21	21	22	0	0	0
chr18	76245170	76245365	76245170	76245365	5843	5844	6030	6059	5	8	0	-	9	6	6	0	0	0	0
chr18	77248112	77248115	77248112	77248115	5617	5617	6058	6059	16	18	2	-	33	9	9	29	0	0	0
chr18	78239258	78239756	78239258	78239756	5832	5832	6034	6034	1	9	0	+	9	7	7	27	0	0	0
chr19	105574	106002	105574	106002	5791	5791	6030	6030	1	12	0	+	5	13	11	32	0	0	0
chr19	3166319	3166319	3166319	3166319	5650	5650	6034	6034	5	5	0	-	9	6	6	613	0	0	0
chr19	3992114	3992371	3992114	3992371	5939	5939	6037	6037	3	5	0	-	12	6	6	31	0	0	0
chr19	7001528	7001848	7001528	7001848	5991	5991	6053	6053	6	16	0	+	28	10	10	1	0	0	0
chr19	7001528	7001848	7001528	7001848	5991	5991	6053	6053	6	16	0	+	28	10	10	1	0	0	0
chr19	8648172	8648172	8648172	8648172	5938	5938	6032	6033	9	9	0	+	7	6	6	32	0	0	0
chr19	24413411	24413411	24413411	24413411	4862	4862	6048	6048	9	9	0	-	23	6	6	26	0	0	0
chr19	27377351	27377351	27377356	27377356	5790	5790	6056	6059	12	13	0	+	32	16	15	1	1	5921	5917
chr19	27379250	27379385	27379250	27379390	5790	5790	6056	6059	9	10	0	+	32	16	16	1	1	5921	5917
chr19	44941432	44941432	44941432	44941432	5939	5939	6038	6039	17	18	0	+	13	11	11	2	0	0	0
chr19	46398835	46398951	46398835	46398951	5963	5963	6031	6031	1	5	0	+	6	6	6	4	0	0	0
chr19	54087345	54087556	54087345	54087556	5871	5871	6050	6050	2	5	0	-	25	7	7	37	0	0	0
chr1	878422	878422	878422	878422	3850	3851	6040	6042	10	10	0	-	16	6	6	9	1	4299	5415
chr1	17231488	17231714	17231488	17231714	5871	5871	6028	6057	5	6	0	-	20	9	9	32	0	0	0
chr1	42018290	42018300	42018290	42018300	4569	4569	6040	6048	12	14	0	+	16	10	10	2	0	0	0
chr1	58522094	58522167	58522094	58522167	5939	5939	6026	6026	5	5	0	+	1	6	6	3	0	0	0
chr1	61861285	61861285	61861285	61861285	5871	5871	6059	6059	5	5	0	-	34	10	10	12	0	0	0
chr1	74727206	74727220	74727213	74727220	2341	2341	6044	6045	9	14	4	-	19	12	12	0	0	0	0
chr1	74997576	74998019	74997576	74998019	5959	5959	6037	6037	3	6	0	+	12	9	9	17	0	0	0
chr1	80067820	80068063	80067820	80068063	5872	5872	6050	6050	3	5	0	-	25	6	6	12	0	0	0
chr1	93052303	93052415	93052303	93052415	5809	5809	6039	6039	3	6	0	+	14	10	10	1	0	0	0
chr1	96266914	96266938	96266914	96266938	5873	5873	6057	6057	7	7	0	-	32	7	7	2	0	0	0
chr1	101513425	101513436	101513429	101513436	2670	2670	6043	6049	10	11	0	-	19	11	11	172	1	3735	4322
chr1	102103353	102103368	102103359	102103368	4	4	6052	6056	2	16	12	+	29	9	9	1	0	0	0
chr1	104541446	104541446	104541446	104541446	5836	5836	6057	6057	8	8	0	-	32	14	14	16	0	0	0
chr1	105853791	105853807	105853792	105853807	5211	5211	6053	6056	13	13	0	-	29	14	14	62	1	5669	5679
chr1	119010729	119010738	119010729	119010738	5023	5023	6046	6059	12	18	4	+	22	14	14	38	0	0	0
chr1	125101237	125101335	125101237	125101335	5889	5889	6033	6033	6	7	0	+	8	7	7	25	0	0	0
chr1	171815708	171815871	171815708	171815871	5936	5936	6037	6059	4	13	0	+	23	11	12	3	0	0	0
chr1	172569208	172569585	172569208	172569585	5932	5932	6039	6039	2	8	0	+	14	7	7	29	0	0	0
chr1	176392438	176392699	176392438	176392699	5862	5862	6026	6026	5	10	0	-	1	14	14	25	0	0	0
chr1	188803439	188803468	188803439	188803468	5973	5974	6028	6028	1	5	0	-	3	7	7	54	0	0	0
chr1	204764866	204765048	204764866	204765048	5888	5888	6043	6043	4	5	0	-	18	12	12	0	0	0	0
chr1	210721205	210721633	210721205	210721633	5882	5882	6055	6055	8	15	0	+	30	9	9	20	0	0	0
chr1	236714891	236715119	236714891	236715119	5874	5874	6043	6047	3	8	0	-	19	13	13	1	0	0	0
chr1	236381183	236381326	236381183	236381326	5969	5969	6034	6059	7	7	0	-	23	10	9	2	0	0	0
chr1	237521746	237521952	237521746	237521952	5851	5851	6034	6034	1	7	0	-	9	9	9	2	0	0	0
chr1	239740235	239740392	239740235	239740392	5825	5828	6027	6027	2	8	0	-	2	12	12	9	0	0	0
chr1	243840171	243840279	243840171	243840279	5819	5819	6030	6030	2	7	0	+	5	17	17	1	0	0	0
chr1	248897263	248897271	248897263	248897274	5120	5120	6058	6059	16	16	0	+	33	11	11	50	1	5654	5622
chr20	16498850	16498857	16498850	16498857	5727	5730	6048	6052	11	12	1	-	25	10	11	32	0	0	0
chr20	28751120	28751120	28751120	28751120	2812	2813	6057	6059	11	11	0	-	33	38	38	2845	1	3893	5545
chr20	28814964	28814975	28814972	28814975	5942	5958	6046	6054	66	68	0	+	24	19	19	30	0	0	0
chr20	28729747	28729747	28729747	28729747	4908	4908	6052	6052	6	6	0	-	27	14	14	17	0	0	0
chr20	29107411	29107412	29107412	29107424	4677	4677	6030	6047	13	13	0	+	19	14	14	17	1	5105	5121
chr20	29283206	29283218	29283206	29283218	4270	4270	6059	6059	5	5	0	+	34	11	11	15	1	4513	5682
chr20	29256247	29256247	29256247	29256247	4647	4647	6045	6045	7	7	0	+	20	10	10	1	0	0	0
chr20	30937828	30937835	30937838	30937838	874	874	6050	6053	18	20	1	+	27	6	6	1	1	2457	2490
chr20	30456078	30456078	30456078	30456078	5173	5176	6057	6059	7	9	0	+	33	6	6	51	0	0	0
chr20	42915061	42915063	42915061	42915063	5584	5586	6052	6055	30	32	1	+	28	17	17	74	0	0	0
chr20	52314631	52314690	52314631	52314690	5779	5779	6058	6058	7	7	0	-	33	34	34	7	1	5826	5918
chr20	64134521	64134659	64134521	64134659	5842	5842	6032	6043	6	10	0	-	7	18	18	12	0	0	0
chr21	7958726	7958822	7958726	7958822	4908	4908	6052	6052	18	20	1	-	27	6	6	9	0	0	0
chr21	9885333	9885522	9885333	9885522	5888	5888	6029	6029	3	8	0	-	4	6	6	6	0	0	0
chr21	10681648	10682063	10681648	10682063	5413	5413	6056	6056	10	10	0	+	31	22	22	4	0	0	0
chr21	10681307	10681417	10681307	10681417	5413	5413	6056	6056	14	16	1	+	31	23	23	4	0	0	0
chr21	10679014	10679122	10679014	10679122	5413	5413	6056	6056	5	5	0	+	31	21	21	4	0	0	0
chr21	10785708	10785884	10785708	10785884	5527	5543	6057	6059	1	83	2	-	33	6	6	1742	0	0	0
chr21	10388837	10389103	10388837	10389103	5960	5960	6058	6059	5	7	0	-	33	12	12	6	0	0	0
chr21	13017855	13017869	13017865	13017869	5597	5597	6043	6058	29	29	0	-	25	9	9	0	0	0	0
chr21	18144980	18144994	18144982	18144994	2648	2648	6038	6043	12	19	7	-	14	14	14	0	0	0	0
chr21	22253871	22253886	22253871	22253886	3	3	6046	6052	2	7	5	-	22	9	9	587	0	0	0
chr21	27634827	27635075	27634827	27635075	5963	5963	6037	6038	3	6	0	+	13	7	7	1	0	0	0
chr22	10934746	10934752	10934747	10934752	4677	4677	6030	6046	8	8	0	-	18	13	13	16	1	5105	5121
chr22	10743408	10743408	10743408	10743408	5055	5055	6027	6055	16	20	3	+	27	21	21	129	0	0	0
chr22	11041812	11041960	11041812	11041960	5960	5962	6058	6059	10	11	1	-	33	12	12	6	0	0	0
chr22	12424612	12424612	12424612	12424612	3955	3955	6031	6031	5	5	0	-	6	12	12	0	1	4541	4596
chr22	12371179	12371179	12371180	12371180	5986	5986	6047	6047	1	10	0	-	22	6	6	115	0	0	0
chr22	16482485	16483022	16482485	16483022	5938	5938	6057	6057	3	10	0	+	32	7	7	25	0	0	0
chr22	17220978	17221209	17220978	17221209	5842	5842	6038	6038	1	7	0	-	13	8	8	0	0	0	0
chr22	19223373	19223391	19223378	19223391	1	1	6046	6048	1	5	4	+	23	14	14	1	0	0	0
chr22	22361240	22361255	22361240	22361255	1	1	6048	6056	7	20	12	+	27	13	13	2	0	0	0
chr22	22131976	22131982	22131976	22131982	1	1	6040	6042	2	7	5	-	16	6	6	0	0	0	0
chr22	25428684	25428719	25428684	25428719	5985	5985	6042	6042	10	11	0	-	17	6	6	8	0	0	0
chr22	28089447	28089787	28089447	28089787	5650	5695	6034	6059	6	16	4	+	34	40	39	1	0	0	0
chr22	29080942	29080942	29080942	29080942	5879	5879	6030	6030	7	7	0	-	5	10	10	12	0	0	0
chr22	32462565	32462773	32462565	32462773	5990	5990	6030	6030	4	6	0	-	5	11	11	33	0	0	0
chr22	32756180	32756245	32756180	32756245	5890	5890	6034	6034	7	8	0	+	9	7	7	1	0	0	0
chr22	34687251	34687447	34687251	34687447	5955	5955	6046	6046	4	6	0	+	21	11	11	1	0	0	0
chr2	1153125	1153227	1153125	1153227	5932	5932	6045	6045	10	11	0	-	20	6	6	34	0	0	0
chr2	2263759	2263905	2263759	2263905	5973	5973	6031	6031	6	7	0	+	6	10	10	77	0	0	0
chr2	6658146	6658157	6658150	6658157	3891	3892	6049	6053	16	22	5	-	26	11	11	43	0	0	0
chr2	14725491	14725625	14725491	14725625	5969	5969	6028	6028	5	5	0	-	3	7	7	1	0	0	0
chr2	18756834	18757185	18756834	18757185	5936	5936	6027	6027	3	5	0	-	2	6	6	32	0	0	0
chr2	21827451	21827930	21827451	21827930	5990	5990	6033	6033	9	23	0	-	8	6	6	170	0	0	0
chr2	22968128	22968145	22968128	22968145	3	4	6057	6059	8	17	8	-	33	19	19	6	0	0	0
chr2	24573888	24573903	24573888	24573903	2869	2869	6056	6059	25	26	1	+	33	15	15	83	1	4190	4202
chr2	35414939	35414988	35414939	35414988	5961	5964	6026	6026	8	8	0	+	1	16	15	1	0	0	0
chr2	36343100	36343108	36343100	36343108	2	2	6053	6056	2	6	3	-	29	12	12	0	0	0	0
chr2	67635707	67636250	67635707	67636250	5953	5953	6035	6039	4	11	0	+	11	8	8	2	0	0	0
chr2	81870904	81870920	81870904	81870920	3	3	6042	6051	7	14	7	+	21	14	14	2	0	0	0
chr2	90371355	90371364	90371355	90371364	4971	4971	6036	6039	12	20	0	-	12	11	11	417	1	5645	5636
chr2	100086695	100086695	100086701	100086701	4477	4477	6059	6059	6	6	0	-	34	16	16	6	1	5779	5749
chr2	117567511	117567511	117567511	117567511	3961	3961	6027	6027	6	6	0	+	2	16	16	14	1	4440	4958
chr2	117567511	117567647	117567511	117567647	4958	4958	6027	6058	6	10	4	+	2	20	21	157	0	0	0
chr2	129682282	129682282	129682282	129682282	5924	5924	6059	6059	8	9	0	-	34	11	11	0	0	0	0
chr2	139913390	139913570	139913390	139913570	5867	5867	6030	6030	2	5	0	+	5	7	7	26	0	0	0
chr2	146263357	146263365	146263357	146263365	4565	4568	6042	6059	26	32	4	+	33	18	17	31	0	0	0
chr2	152931034	152931042	152931034	152931042	5944	5944	6032	6032	5	5	0	-	7	8	8	4	0	0	0
chr2	155671310	155671350	155671337	155671350	1	1	6057	6059	4	11	7	+	32	26	26	4	0	0	0
chr2	180135813	180135826	180135819	180135829	3820	3820	6043	6045	17	17	0	+	18	9	9	1	1	4800	4808
chr2	195151412	195151508	195151412	195151508	5966	5966	6032	6040	5	6	0	-	7	6	6	3	0	0	0
chr2	208091220	208091608	208091220	208091608	5947	5947	6055	6055	1	13	0	-	30	7	7	0	0	0	0
chr2	209956306	209956562	209956306	209956562	5957	5957	6052	6053	9	20	0	-	27	23	24	0	0	0	0
chr3	12095548	12095584	12095548	12095584	5650	5650	6032	6035	5	8	0	+	9	20	20	1779	0	0	0
chr3	38584575	38584592	38584575	38584592	2	2	6051	6054	2	5	3	+	28	7	7	25	0	0	0
chr3	38744341	38744459	38744341	38744459	5960	5960	6054	6054	5	5	0	-	29	6	6	4	0	0	0
chr3	55754540	55754553	55754540	55754553	3	3	6059	6059	8	15	7	+	34	13	13	7	0	0	0
chr3	56038654	56039117	56038654	56039117	5921	5921	6035	6041	2	12	0	+	10	6	6	36	0	0	0
chr3	59867164	59867164	59867166	59867166	5099	5099	6035	6037	13	14	1	+	11	13	13	1	0	0	0
chr3	76918866	76919063	76918866	76919063	5938	5938	6049	6049	6	8	0	+	24	6	6	2	0	0	0
chr3	82660970	82660987	82660970	82660987	4523	4533	6059	6059	14	14	0	-	34	16	16	4	0	0	0
chr3	84544123	84544138	84544123	84544138	4937	4937	6044	6046	13	13	0	-	20	15	15	39	1	5201	5199
chr3	86215789	86215801	86215791	86215801	2417	2417	6059	6059	13	15	1	-	34	12	12	3	1	5303	5328
chr3	88973181	88973197	88973186	88973197	1986	1986	6059	6059	8	9	1	-	34	16	16	3	1	4338	4335
chr3	90479384	90479384	90479384	90479384	4726	4726	6059	6059	10	12	2	+	34	8	8	14	0	0	0
chr3	123606346	123606346	123606346	123606346	5801	5801	6035	6035	22	22	0	-	10	7	7	1	1	5866	5973
chr3	123871866	123871880	123871866	123871880	2	2	6043	6048	3	9	5	+	21	12	12	1	0	0	0
chr3	130213082	130213432	130213082	130213432	5827	5827	6041	6042	1	7	0	-	16	6	6	1	0	0	0
chr3	140985966	140986046	140985966	140986046	5887	5887	6042	6042	4	5	0	-	17	10	10	0	0	0	0
chr3	143402917	143402932	143402917	143402932	7	7	6048	6050	3	12	9	-	24	15	15	37	0	0	0
chr3	144709480	144709866	144709480	144709866	5940	5940	6041	6041	1	12	0	+	16	7	7	11	0	0	0
chr3	151430756	151430768	151430756	151430768	4	4	6059	6059	4	23	19	-	34	12	12	8	0	0	0
chr3	151423015	151423186	151423015	151423186	5992	5992	6030	6031	15	18	2	-	5	8	8	269	0	0	0
chr3	152983529	152983541	152983529	152983541	1	1	6028	6032	2	9	7	+	7	10	10	1	0	0	0
chr3	153448993	153449102	153448993	153449102	5958	5958	6059	6059	9	9	0	-	34	7	7	3	0	0	0
chr3	176373529	176373541	176373529	176373541	5905	5905	6045	6053	26	27	1	+	23	15	15	2	0	0	0
chr3	177453631	177453714	177453631	177453714	5990	5990	6052	6052	6	6	0	-	27	18	18	156	0	0	0
chr3	182584624	182584861	182584624	182584861	5960	5960	6035	6035	5	7	0	+	10	9	9	1	0	0	0
chr3	184102024	184102300	184102024	184102300	5850	5850	6036	6036	4	5	0	+	11	7	7	3	0	0	0
chr3	187362162	187362526	187362162	187362526	5973	5973	6030	6051	2	6	0	+	5	6	6	22	0	0	0
chr3	197323918	197324218	197323918	197324218	5933	5933	6058	6059	16	18	0	-	33	6	6	38	0	0	0
chr4	10631055	10631071	10631055	10631071	1	1	6059	6059	3	9	5	-	34	16	16	3	0	0	0
chr4	11755047	11755074	11755047	11755074	5976	5976	6031	6052	5	5	0	+	10	11	11	6	0	0	0
chr4	18161057	18161063	18161057	18161067	3627	3627	6045	6047	9	10	0	-	20	6	6	0	1	4489	5436
chr4	28088541	28088601	28088541	28088601	5963	5963	6030	6051	4	6	0	+	5	14	14	6	0	0	0
chr4	37950489	37950492	37950489	37950493	1889	1889	6042	6044	12	18	4	-	17	6	6	7	0	0	0
chr4	47005763	47005763	47005763	47005773	5616	5620	6050	6055	11	16	2	-	28	6	6	42	0	0	0
chr4	47005763	47005763	47005763	47005773	5616	5620	6050	6056	30	34	1	-	28	6	6	42	0	0	0
chr4	52070304	52070488	52070304	52070488	5843	5843	6040	6040	1	5	0	+	15	10	10	31	0	0	0
chr4	58051349	58051360	58051351	58051360	4971	4971	6057	6059	20	22	1	-	33	7	7	0	0	0	0
chr4	58751606	58751673	58751606	58751673	5914	5914	6058	6059	6	6	0	-	33	9	9	14	0	0	0
chr4	61438331	61438331	61438331	61438331	5950	5950	6058	6058	2	6	0	-	33	6	6	38	0	0	0
chr4	65548211	65548217	65548211	65548217	5771	5775	6043	6046	13	16	0	+	19	10	10	1201	0	0	0
chr4	70227584	70227584	70227589	70227589	5207	5207	6041	6043	13	14	1	+	16	8	8	1	1	5392	5883
chr4	99181838	99181838	99181838	99181838	4391	4391	6030	6032	3	6	3	-	7	13	14	47	0	0	0
chr4	99159335	99159687	99159335	99159687	5990	5990	6029	6029	3	7	0	+	4	6	6	42	0	0	0
chr4	102422589	102422596	102422589	102422596	4197	4204	6048	6054	16	18	2	+	26	10	10	45	0	0	0
chr4	109327160	109327177	109327160	109327177	1	1	6059	6059	5	14	9	-	34	17	17	4	0	0	0
chr4	111707804	111707818	111707808	111707818	8	8	6051	6058	3	9	5	+	29	11	11	1	0	0	0
chr4	119796374	119796385	119796375	119796385	5474	5474	6058	6059	36	37	0	-	33	15	15	39	1	5670	5653
chr4	123326850	123326971	123326850	123326971	5922	5922	6032	6032	1	9	0	+	7	8	8	43	0	0	0
chr4	124597874	124597993	124597874	124597993	5937	5937	6056	6056	4	5	0	+	31	9	9	1	0	0	0
chr4	131260493	131260508	131260493	131260508	1	1	6045	6059	1	8	5	-	34	12	12	0	0	0	0
chr4	133675268	133675269	133675269	133675271	5619	5619	6037	6040	21	21	0	+	13	13	11	14	0	0	0
chr4	134963091	134963296	134963091	134963296	5987	5987	6043	6044	6	6	0	-	18	13	13	0	0	0	0
chr4	144324474	144325021	144324474	144325021	5900	5911	6030	6033	1	9	0	+	5	6	6	40	0	0	0
chr4	157981156	157981264	157981156	157981264	5939	5939	6041	6041	6	6	0	+	16	8	8	1	0	0	0
chr4	163834280	163834446	163834280	163834446	5842	5842	6031	6031	5	7	0	-	6	8	8	251	0	0	0
chr4	163733255	163733414	163733255	163733414	5850	5850	6046	6046	2	7	0	-	21	6	6	0	0	0	0
chr4	172714534	172714628	172714534	172714628	5992	5992	6027	6027	6	6	0	-	2	9	9	40	0	0	0
chr4	179854926	179855023	179854926	179855023	5992	5993	6032	6032	7	7	0	-	7	7	7	6	0	0	0
chr4	183541928	183542047	183541928	183542047	5979	5979	6031	6031	6	6	0	+	6	9	9	14	0	0	0
chr4	186956614	186956621	186956614	186956621	5819	5819	6030	6030	10	11	0	-	5	13	13	45	0	0	0
chr4	186161544	186161832	186161544	186161832	5920	5920	6027	6027	3	9	0	-	2	7	7	36	0	0	0
chr4	187059549	187059748	187059549	187059748	5936	5936	6035	6035	4	6	0	+	10	14	14	25	0	0	0
chr5	1722243	1722547	1722243	1722547	5882	5882	6059	6059	2	13	0	-	34	6	6	32	0	0	0
chr5	11391151	11391164	11391151	11391164	5791	5791	6059	6059	12	12	0	+	34	14	14	15	0	0	0
chr5	20398764	20398968	20398764	20398968	5948	5948	6036	6036	6	20	0	+	11	7	7	14	0	0	0
chr5	20318443	20318713	20318443	20318713	5962	5962	6035	6035	3	6	0	-	10	8	8	0	0	0	0
chr5	27966334	27966531	27966334	27966531	5967	5967	6031	6031	5	5	0	+	6	6	6	7	0	0	0
chr5	33633225	33633244	33633229	33633244	839	839	6059	6059	21	21	0	-	34	14	14	3	1	5636	5642
chr5	46692165	46692165	46692165	46692165	4847	4847	6051	6054	10	10	0	+	26	13	13	1	1	5233	5242
chr5	46690694	46690694	46690694	46690694	4847	4847	6050	6053	6	6	0	+	26	13	13	1	1	5233	5242
chr5	49725546	49725547	49725547	49725547	3629	3629	6047	6052	10	10	0	+	23	10	10	1	1	3803	3818
chr5	49752107	49752107	49752107	49752112	3629	3630	6046	6053	17	18	0	+	25	10	10	1	1	3806	3818
chr5	50043251	50043251	50043251	50043255	3629	3629	6046	6050	13	13	0	+	23	10	10	1	1	3806	3818
chr5	50118588	50118588	50118588	50118590	3629	3629	6047	6052	11	11	0	-	25	10	10	0	1	3806	3818
chr5	50120812	50120816	50120816	50120816	3629	3629	6047	6053	9	9	0	-	25	10	10	0	1	3806	3818
chr5	50131872	50131872	50131872	50131874	3629	3629	6047	6052	9	9	0	-	24	10	10	0	1	3806	3818
chr5	50129658	50129658	50129658	50129660	3629	3629	6047	6052	9	9	0	-	24	10	10	0	1	3806	3818
chr5	50251665	50251699	50251665	50251699	5351	5351	6042	6054	7	31	23	+	27	46	47	244	0	0	0
chr5	59762855	59763135	59762855	59763135	5872	5872	6049	6049	2	6	0	+	24	9	9	1	0	0	0
chr5	60676234	60676235	60676234	60676235	5940	5940	6037	6037	6	6	0	+	12	6	6	1	0	0	0
chr5	63198953	63199182	63198953	63199182	5883	5883	6027	6027	2	5	0	-	2	6	6	15	0	0	0
chr5	69342544	69342884	69342544	69342884	5895	5895	6034	6059	1	9	0	+	9	16	16	54	0	0	0
chr5	76650152	76650579	76650152	76650579	5881	5882	6031	6031	1	5	0	-	6	14	14	0	0	0	0
chr5	84943796	84943800	84943796	84943848	5280	5292	6053	6059	27	29	0	-	31	8	8	7	0	0	0
chr5	85212971	85213176	85212971	85213176	5720	5720	6027	6027	3	5	0	+	2	7	7	4	1	5753	5913
chr5	85201498	85201860	85201498	85201860	5848	5854	6032	6046	2	8	0	-	21	6	6	75	0	0	0
chr5	90154952	90154965	90154952	90154965	1	1	6036	6059	3	18	15	+	34	13	13	10	0	0	0
chr5	110144557	110144569	110144557	110144569	3	3	6059	6059	5	19	14	-	34	13	13	13	0	0	0
chr5	113347322	113347433	113347322	113347433	5961	5961	6034	6034	5	5	0	+	9	14	13	1	0	0	0
chr5	125704348	125704348	125704348	125704348	5209	5209	6057	6059	13	14	1	+	33	6	6	44	0	0	0
chr5	127436146	127436154	127436146	127436154	2	2	6057	6059	4	8	4	-	32	14	14	63	0	0	0
chr5	144740167	144740290	144740167	144740290	5932	5932	6033	6033	4	5	0	-	8	8	8	6	0	0	0
chr5	156192855	156192855	156192860	156192860	2748	2748	6051	6053	10	10	0	+	26	10	10	1	1	4711	4712
chr5	161008658	161008674	161008665	161008674	5519	5519	6059	6059	6	6	0	-	34	15	15	194	1	5554	5535
chr5	161008658	161008674	161008658	161008674	5535	5535	6059	6059	6	6	0	-	34	16	16	194	0	0	0
chr5	161008658	161008674	161008665	161008674	5519	5519	6057	6059	17	17	0	-	33	15	15	195	1	5554	5535
chr5	161008658	161008674	161008658	161008674	5535	5535	6057	6059	17	17	0	-	33	16	16	195	0	0	0
chr5	163392843	163392859	163392843	163392859	5880	5881	6038	6045	15	15	0	+	15	15	15	1	0	0	0
chr5	178746727	178746727	178746727	178746727	5772	5772	6028	6028	7	8	0	-	3	13	13	17	0	0	0
chr6	13190784	13190801	13190785	13190801	2	2	6057	6059	5	14	9	+	33	15	15	1	0	0	0
chr6	13502804	13502818	13502815	13502818	1	1	6049	6051	8	14	4	+	24	6	6	32	0	0	0
chr6	19615944	19616133	19615944	19616133	5939	5939	6032	6032	1	6	0	+	7	16	16	3	0	0	0
chr6	32645640	32645671	32645640	32645671	4149	4149	6025	6030	9	9	0	-	3	10	10	1	1	4467	4476
chr6	32586188	32586188	32586188	32586190	4190	4190	6030	6058	6	8	2	-	32	6	6	3	1	4811	4815
chr6	32694517	32694531	32694517	32694531	5282	5285	6051	6054	27	29	1	+	27	12	12	29	0	0	0
chr6	32541328	32541329	32541328	32541329	5663	5690	6030	6042	11	13	0	-	5	6	6	19	0	0	0
chr6	35668395	35668673	35668395	35668673	5994	5994	6040	6055	5	11	0	-	15	6	6	1	0	0	0
chr6	45042404	45042552	45042404	45042552	5981	5984	6031	6037	4	6	0	-	6	6	6	44	0	0	0
chr6	45884971	45884971	45884971	45884971	5985	5985	6050	6052	12	12	0	-	26	11	11	0	0	0	0
chr6	49497831	49498011	49497831	49498011	5961	5961	6030	6030	4	5	0	-	5	12	12	13	0	0	0
chr6	63047958	63048078	63047958	63048078	5912	5912	6045	6045	7	7	0	+	20	13	13	3	0	0	0
chr6	75560194	75560677	75560194	75560677	5948	5948	6058	6058	3	8	0	+	33	6	6	2	0	0	0
chr6	77270920	77270933	77270920	77270938	5222	5222	6044	6049	23	24	1	-	22	14	14	46	0	0	0
chr6	84249116	84249162	84249116	84249162	5992	5992	6059	6059	3	6	1	-	34	6	6	98	0	0	0
chr6	98767604	98767907	98767604	98767907	5942	5942	6042	6042	4	22	0	+	17	18	18	103	0	0	0
chr6	99894911	99895212	99894911	99895212	5899	5899	6035	6035	7	9	0	-	10	17	17	2	0	0	0
chr6	101835884	101835897	101835884	101835897	4916	4919	6051	6052	13	13	0	-	26	13	13	131	0	0	0
chr6	102016265	102016424	102016265	102016424	5953	5953	6040	6059	5	6	0	+	18	15	15	7	0	0	0
chr6	103322489	103322622	103322489	103322622	5883	5883	6026	6026	4	5	0	-	1	7	7	14	0	0	0
chr6	104329593	104330033	104329593	104330033	5948	5948	6029	6029	1	15	0	-	4	6	6	28	0	0	0
chr6	109651244	109651250	109651244	109651250	4438	4438	6051	6055	9	13	0	+	27	12	12	77	1	4733	4735
chr6	122698968	122699135	122698968	122699135	5941	5941	6037	6038	2	5	0	+	12	6	6	16	0	0	0
chr6	123532801	123532801	123532801	123532801	2	2	6053	6057	2	8	6	-	31	11	11	0	0	0	0
chr6	137113038	137113185	137113038	137113185	5808	5808	6029	6029	2	5	0	-	4	9	9	1	0	0	0
chr6	142128964	142128973	142128966	142128973	10	10	6038	6040	10	22	11	-	13	9	9	0	0	0	0
chr6	145179792	145179805	145179792	145179805	4474	4503	6038	6045	18	21	1	-	18	9	9	0	0	0	0
chr6	147874653	147874673	147874662	147874673	3411	3411	6031	6048	14	18	4	+	20	12	12	1	0	0	0
chr6	151173045	151173211	151173045	151173211	5891	5891	6036	6036	1	6	0	+	11	13	13	1	0	0	0
chr6	170654878	170655343	170654878	170655343	5936	5936	6059	6059	4	12	0	-	34	6	6	26	0	0	0
chr7	7979381	7979397	7979386	7979397	1	1	6056	6059	2	13	10	+	32	12	12	1	0	0	0
chr7	10466746	10466872	10466746	10466872	5948	5948	6043	6043	6	6	0	+	18	9	9	20	0	0	0
chr7	17055077	17055091	17055077	17055091	5775	5777	6052	6059	17	18	0	+	29	10	10	175	0	0	0
chr7	19467039	19467197	19467039	19467197	5978	5978	6036	6036	5	5	0	+	11	6	6	14	0	0	0
chr7	34800830	34800881	34800830	34800881	5199	5199	6026	6040	21	22	1	+	14	12	12	43	1	5359	5377
chr7	52721753	52721774	52721753	52721774	5734	5764	6053	6056	14	15	1	+	29	26	26	20	0	0	0
chr7	52696614	52696807	52696614	52696807	5979	5979	6031	6032	6	7	0	+	6	8	8	4	0	0	0
chr7	60958814	60958828	60958814	60958831	4314	4314	6057	6059	17	17	0	+	33	14	14	1	1	5235	5288
chr7	62334057	62334071	62334058	62334071	3	3	6038	6052	4	15	9	-	23	14	14	478	0	0	0
chr7	63032552	63032570	63032552	63032570	3129	3129	6058	6059	7	8	0	+	33	17	17	2	1	4453	4458
chr7	65622843	65622950	65622843	65622950	5799	5799	6030	6030	5	7	0	+	5	11	11	2	0	0	0
chr7	67972119	67972238	67972119	67972238	5675	5675	6033	6033	7	7	0	+	8	10	10	20	0	0	0
chr7	67850077	67850233	67850077	67850233	5599	5599	6044	6046	8	8	0	-	20	6	6	4	0	0	0
chr7	70723690	70723703	70723692	70723703	5671	5671	6059	6059	6	9	2	-	34	13	13	0	0	0	0
chr7	88891585	88891727	88891585	88891727	5808	5808	6031	6031	1	9	0	-	6	9	9	13	0	0	0
chr7	89991628	89991628	89991628	89991628	5610	5610	6029	6029	8	8	0	+	4	6	6	33	0	0	0
chr7	95639130	95639399	95639130	95639399	5979	5979	6058	6059	7	10	0	-	33	6	6	35	0	0	0
chr7	104127994	104128509	104127994	104128509	5803	5803	6045	6046	1	7	0	-	20	10	10	0	0	0	0
chr7	108188805	108188820	108188805	108188820	3	3	6057	6059	8	30	21	+	32	14	14	1	0	0	0
chr7	108198034	108198384	108198034	108198384	5950	5950	6031	6031	4	6	0	-	6	7	7	35	0	0	0
chr7	114037288	114037288	114037288	114037288	5963	5964	6050	6050	4	5	1	-	25	6	6	34	0	0	0
chr7	117022055	117022277	117022055	117022277	5955	5955	6038	6038	1	6	0	+	13	7	7	42	0	0	0
chr7	146725667	146725683	146725669	146725683	5606	5606	6051	6053	14	14	0	-	27	7	7	28	1	5858	5858
chr8	4595372	4595372	4595380	4595380	5961	5961	6053	6058	31	31	0	-	30	10	10	0	0	0	0
chr8	5971756	5971756	5971766	5971766	5424	5424	6042	6044	1	24	0	-	18	6	6	31	0	0	0
chr8	10614662	10614778	10614662	10614778	5879	5879	6045	6045	4	11	1	+	20	12	12	1	0	0	0
chr8	13618942	13618975	13618942	13618975	5879	5879	6057	6057	5	5	0	-	32	7	7	6	0	0	0
chr8	17874924	17875173	17874924	17875173	5925	5925	6028	6028	6	22	0	-	3	11	11	0	0	0	0
chr8	20049799	20049972	20049799	20049972	5970	5970	6034	6047	6	6	0	+	17	8	8	10	0	0	0
chr8	26030088	26030356	26030088	26030356	5837	5837	6028	6028	1	6	0	+	3	8	8	3	0	0	0
chr8	31927616	31927855	31927616	31927855	5908	5908	6041	6052	12	20	0	-	16	8	8	1	0	0	0
chr8	34245288	34245530	34245288	34245530	5785	5786	6035	6035	5	9	0	-	10	18	18	18	0	0	0
chr8	59152412	59152505	59152412	59152505	5969	5969	6055	6055	6	6	0	-	30	19	19	0	0	0	0
chr8	66469646	66469650	66469646	66469650	5823	5827	6057	6058	16	18	2	-	32	8	8	47	0	0	0
chr8	70840402	70840412	70840402	70840412	2	3	6054	6057	3	10	7	-	31	10	10	0	0	0	0
chr8	71486986	71486998	71486986	71486998	5	5	6039	6043	9	20	11	-	14	12	12	0	0	0	0
chr8	86811591	86811965	86811591	86811965	5904	5905	6032	6042	5	9	0	-	7	13	13	5	0	0	0
chr8	86302810	86302815	86302810	86302820	5926	5926	6046	6059	1	29	0	+	34	17	16	39	0	0	0
chr8	95795021	95795388	95795021	95795388	5899	5900	6053	6053	1	5	0	-	28	11	11	14	0	0	0
chr8	114776336	114776346	114776337	114776346	3882	3882	6036	6039	11	14	3	-	12	10	10	0	0	0	0
chr8	114869541	114869551	114869541	114869551	5755	5758	6057	6059	12	13	1	+	33	11	11	21	0	0	0
chr8	118709450	118709450	118709454	118709454	5095	5095	6059	6059	9	9	0	-	34	18	18	9	1	5623	5620
chr8	130028973	130028985	130028975	130028985	4528	4560	6043	6046	19	26	5	+	19	15	15	1	0	0	0
chr8	133959981	133960000	133959981	133960000	5224	5224	6042	6043	22	24	2	+	17	43	43	193	0	0	0
chr8	136033621	136033965	136033621	136033965	5944	5947	6038	6038	2	5	0	-	13	6	6	36	0	0	0
chr9	5491405	5491419	5491405	5491419	1	1	6030	6059	6	19	13	+	33	6	6	15	0	0	0
chr9	5490868	5490965	5490868	5490965	5813	5813	6030	6030	7	8	0	+	5	13	13	16	0	0	0
chr9	6290480	6290493	6290485	6290495	5368	5372	6044	6047	28	28	0	+	19	11	11	1	1	5423	5395
chr9	6382427	6382427	6382427	6382427	1944	1944	6050	6050	7	8	0	+	25	13	13	7	0	0	0
chr9	10163174	10163188	10163181	10163190	5529	5529	6057	6059	13	13	0	+	32	10	10	1	1	5854	5855
chr9	13424953	13425254	13424953	13425254	5915	5915	6051	6053	4	6	0	-	26	11	11	0	0	0	0
chr9	24266079	24266286	24266079	24266286	5977	5978	6040	6040	5	5	0	-	15	6	6	44	0	0	0
chr9	32463887	32463897	32463899	32463899	5862	5862	6042	6045	30	30	0	-	18	6	6	43	0	0	0
chr9	41047838	41047842	41047838	41047842	5254	5254	6039	6042	1	20	1	-	14	6	6	29	0	0	0
chr9	43190339	43190339	43190339	43190339	5062	5062	6038	6039	5	5	0	+	13	11	12	41	0	0	0
chr9	72289998	72290005	72289999	72290005	1	1	6037	6059	1	5	4	-	33	7	7	0	0	0	0
chr9	102311372	102311388	102311372	102311388	2038	2038	6057	6059	15	16	0	+	33	15	15	44	1	3309	4049
chr9	115321588	115321602	115321588	115321602	4958	4958	6058	6059	15	16	0	-	33	14	14	31	1	5154	5164
chr9	121973036	121973524	121973036	121973524	5831	5831	6036	6036	1	8	0	+	11	6	6	34	0	0	0
chr9	125979205	125979205	125979205	125979205	5821	5821	6032	6032	7	7	0	-	7	11	11	17	0	0	0
chr9	133911595	133911878	133911595	133911878	5939	5939	6036	6036	3	6	1	-	11	9	9	41	0	0	0
chrX	518422	518643	518422	518643	5953	5953	6043	6043	12	13	0	-	18	13	13	12	0	0	0
chrX	14630804	14630804	14630804	14630804	5990	5990	6036	6039	17	18	0	-	12	10	10	0	0	0	0
chrX	33523311	33523649	33523311	33523649	5977	5978	6040	6041	4	6	0	-	15	6	6	29	0	0	0
chrX	67762912	67762912	67762912	67762912	5479	5479	6058	6059	8	10	0	-	33	18	18	1514	1	5534	5537
chrX	86526780	86526795	86526790	86526796	1515	1515	6052	6057	9	10	1	+	29	6	6	1	1	2945	5648
chrX	89133722	89133722	89133722	89133722	5337	5337	6028	6028	1	7	0	-	3	45	45	31	0	0	0
chrX	102184279	102184285	102184284	102184293	4485	4485	6058	6059	8	10	2	+	34	8	8	20	0	0	0
chrX	103108246	103108254	103108250	103108256	3965	3965	6055	6059	12	12	0	+	31	12	12	1	1	5520	5498
chrX	108047970	108048325	108047970	108048325	5977	5977	6035	6035	6	15	0	-	10	8	8	0	0	0	0
chrX	112314522	112314528	112314522	112314528	1	1	6055	6059	2	9	7	-	31	6	6	0	0	0	0
chrX	114391661	114391661	114391661	114391661	5880	5880	6052	6052	8	8	0	+	27	6	6	7	0	0	0
chrX	118023179	118023358	118023179	118023358	5995	5995	6028	6029	4	5	0	-	3	7	7	115	0	0	0
chrX	123531006	123531022	123531006	123531022	4346	4346	6053	6059	13	16	3	-	33	10	10	0	0	0	0
chrX	138979106	138979388	138979106	138979388	5981	5981	6046	6046	6	7	0	-	21	6	6	46	0	0	0
chrY	10852899	10852899	10852899	10852899	1	1	6037	6039	1	8	7	-	13	6	6	0	0	0	0
chrY	11334656	11334658	11334661	11334661	5443	5443	6049	6054	39	40	0	+	26	7	7	1	1	5710	5734
chrY	56882475	56882719	56882475	56882719	5871	5871	6027	6027	2	12	0	-	2	6	6	44	0	0	0
