cluster_id	chr start1	start2	end1	end2	start1_inVariant	start2_inVariant	end1_inVariant	end2_inVariant	Confident_supporting_reads	Potential_supporting_reads	Ptential_segmental_supporting_reads	orientation	polyA-tail_size	5'_TSD_size	3'_TSD_size	Predicted_transD_size	Has_5'_inverted_sequence?	5'_inverted_seq_end	5'_seq_start
cluster0_chr10_1000363_1000363_1000369_1000369	chr10	1000363	1000363	1000369	1000369	1279	1279	1358	1358	1	1	0	-	-	18	18	724	0	0	0
cluster0_chr10_3041557_3041564_3041557_3041564	chr10	3041557	3041564	3041557	3041564	419	419	1375	1375	16	20	1	+	16	10	10	260	0	0	0
cluster1_chr10_5321648_5321698_5321648_5321698	chr10	5321648	5321698	5321648	5321698	1269	1269	1375	1375	1	2	0	+	16	8	8	45	0	0	0
cluster0_chr10_17480874_17480875_17480874_17480875	chr10	17480874	17480875	17480874	17480875	535	535	1375	1375	18	20	1	+	16	14	14	16	0	0	0
cluster2_chr10_26894003_26894145_26894003_26894145	chr10	26894003	26894145	26894003	26894145	1254	1254	1358	1358	1	7	0	+	-	16	16	29	0	0	0
cluster0_chr10_28654409_28654409_28654409_28654409	chr10	28654409	28654409	28654409	28654409	196	196	1371	1371	3	3	0	+	12	12	12	35	1	307	824
cluster3_chr10_28654409_28654409_28654409_28654409	chr10	28654409	28654409	28654409	28654409	824	824	1371	1371	3	3	0	+	12	12	12	35	0	0	0
cluster0_chr10_43443062_43443062_43443062_43443062	chr10	43443062	43443062	43443062	43443062	421	421	1373	1373	1	1	0	-	14	306	307	2011	0	0	0
cluster10_chr10_43337728_43337796_43337728_43337796	chr10	43337728	43337796	43337728	43337796	1254	1254	1358	1358	1	2	0	+	-	16	16	28	0	0	0
cluster0_chr10_79370537_79370551_79370537_79370551	chr10	79370537	79370551	79370537	79370551	1296	1296	1375	1375	2	2	0	+	16	9	9	1	0	0	0
cluster0_chr10_80627644_80627655_80627644_80627655	chr10	80627644	80627655	80627644	80627655	421	421	1371	1373	7	19	0	+	14	10	10	30	0	0	0
cluster0_chr10_118264440_118264440_118264440_118264440	chr10	118264440	118264440	118264440	118264440	1280	1280	1375	1375	6	6	0	-	16	14	14	23	0	0	0
cluster_id	chr start1	start2	end1	end2	start1_inVariant	start2_inVariant	end1_inVariant	end2_inVariant	Confident_supporting_reads	Potential_supporting_reads	Ptential_segmental_supporting_reads	orientation	polyA-tail_size	5'_TSD_size	3'_TSD_size	Predicted_transD_size	Has_5'_inverted_sequence?	5'_inverted_seq_end	5'_seq_start
cluster0_chr11_5105716_5105734_5105716_5105734	chr11	5105716	5105734	5105716	5105734	421	421	1367	1369	6	9	0	+	9	18	18	23	0	0	0
cluster0_chr11_8818100_8818117_8818100_8818117	chr11	8818100	8818117	8818100	8818117	421	427	1375	1375	8	20	1	+	16	17	17	26	0	0	0
cluster0_chr11_24446741_24446741_24446741_24446741	chr11	24446741	24446741	24446741	24446741	1254	1254	1358	1358	1	1	0	+	-	17	17	29	0	0	0
cluster1_chr11_46584548_46584617_46584548_46584617	chr11	46584548	46584617	46584548	46584617	329	329	1375	1375	2	2	0	+	16	14	14	5	1	384	1067
cluster3_chr11_46584715_46584780_46584715_46584780	chr11	46584715	46584780	46584715	46584780	329	329	1375	1375	2	2	0	+	16	16	16	5	1	384	1067
cluster6_chr11_46585051_46585051_46585051_46585051	chr11	46585051	46585051	46585051	46585051	1067	1067	1375	1375	1	1	0	+	16	6	6	39	0	0	0
cluster8_chr11_46584548_46584617_46584548_46584617	chr11	46584548	46584617	46584548	46584617	1067	1067	1375	1375	2	2	0	+	16	14	14	5	0	0	0
cluster10_chr11_46584715_46584780_46584715_46584780	chr11	46584715	46584780	46584715	46584780	1067	1067	1375	1375	2	2	0	+	16	16	16	5	0	0	0
cluster0_chr11_48712393_48712401_48712393_48712401	chr11	48712393	48712401	48712393	48712401	887	887	1375	1375	1	2	1	+	16	57	57	1	0	0	0
cluster5_chr11_56719379_56719379_56719379_56719379	chr11	56719379	56719379	56719379	56719379	1254	1254	1360	1360	1	1	0	+	1	9	9	43	0	0	0
cluster1_chr11_63528101_63528101_63528101_63528101	chr11	63528101	63528101	63528101	63528101	1254	1254	1358	1358	1	1	0	-	-	173	172	0	0	0	0
cluster0_chr11_66394634_66394644_66394634_66394644	chr11	66394634	66394644	66394634	66394644	421	421	1374	1375	5	8	0	+	15	19	19	5	0	0	0
cluster0_chr11_112173940_112173940_112173940_112173940	chr11	112173940	112173940	112173940	112173940	1337	1337	1374	1374	1	1	0	-	15	7	7	0	0	0	0
cluster0_chr11_118990351_118990351_118990351_118990351	chr11	118990351	118990351	118990351	118990351	421	421	1375	1375	1	1	0	-	16	15	15	643	0	0	0
cluster0_chr11_119039370_119039428_119039370_119039428	chr11	119039370	119039428	119039370	119039428	1254	1254	1358	1358	1	2	0	-	-	8	8	7	0	0	0
cluster0_chr11_123462647_123462647_123462647_123462647	chr11	123462647	123462647	123462647	123462647	1144	1144	1375	1375	1	1	0	+	16	16	16	3	0	0	0
cluster_id	chr start1	start2	end1	end2	start1_inVariant	start2_inVariant	end1_inVariant	end2_inVariant	Confident_supporting_reads	Potential_supporting_reads	Ptential_segmental_supporting_reads	orientation	polyA-tail_size	5'_TSD_size	3'_TSD_size	Predicted_transD_size	Has_5'_inverted_sequence?	5'_inverted_seq_end	5'_seq_start
cluster0_chr12_4633740_4633750_4633740_4633750	chr12	4633740	4633750	4633740	4633750	419	422	1371	1375	6	15	0	-	14	10	10	24	0	0	0
cluster0_chr12_12412901_12412901_12412901_12412901	chr12	12412901	12412901	12412901	12412901	1174	1174	1375	1375	3	4	0	-	16	11	11	0	0	0	0
cluster1_chr12_24994918_24994918_24994918_24994918	chr12	24994918	24994918	24994918	24994918	1277	1277	1374	1374	1	1	0	-	15	30	28	2	0	0	0
cluster0_chr12_24994918_24994918_24994918_24994918	chr12	24994918	24994918	24994918	24994918	1277	1277	1374	1374	1	1	0	-	15	30	28	2	0	0	0
cluster0_chr12_58635300_58635309_58635300_58635309	chr12	58635300	58635309	58635300	58635309	421	421	1371	1374	14	16	0	+	13	18	18	6	0	0	0
cluster0_chr12_75943175_75943175_75943175_75943175	chr12	75943175	75943175	75943175	75943175	1171	1171	1375	1375	1	1	0	+	16	15	15	2	0	0	0
cluster0_chr12_107281573_107281587_107281573_107281587	chr12	107281573	107281587	107281573	107281587	421	421	1375	1375	5	9	1	+	16	14	14	950	0	0	0
cluster0_chr12_110171943_110171943_110171943_110171943	chr12	110171943	110171943	110171943	110171943	428	428	1375	1375	1	1	0	+	16	14	14	1	0	0	0
cluster_id	chr start1	start2	end1	end2	start1_inVariant	start2_inVariant	end1_inVariant	end2_inVariant	Confident_supporting_reads	Potential_supporting_reads	Ptential_segmental_supporting_reads	orientation	polyA-tail_size	5'_TSD_size	3'_TSD_size	Predicted_transD_size	Has_5'_inverted_sequence?	5'_inverted_seq_end	5'_seq_start
cluster2_chr13_35751190_35751190_35751190_35751190	chr13	35751190	35751190	35751190	35751190	423	423	1375	1375	7	7	0	-	16	15	15	21	0	0	0
cluster0_chr13_41649590_41649599_41649590_41649599	chr13	41649590	41649599	41649590	41649599	419	428	1375	1375	7	10	0	-	16	22	22	3	0	0	0
cluster0_chr13_51161126_51161142_51161126_51161142	chr13	51161126	51161142	51161126	51161142	421	422	1374	1375	27	38	1	+	15	29	29	81	0	0	0
cluster0_chr13_81793563_81793577_81793563_81793577	chr13	81793563	81793577	81793563	81793577	421	422	1375	1375	8	22	0	-	16	13	13	3	0	0	0
cluster1_chr13_81793563_81793563_81793563_81793563	chr13	81793563	81793563	81793563	81793563	421	421	1375	1375	1	1	0	-	16	14	14	4	0	0	0
cluster_id	chr start1	start2	end1	end2	start1_inVariant	start2_inVariant	end1_inVariant	end2_inVariant	Confident_supporting_reads	Potential_supporting_reads	Ptential_segmental_supporting_reads	orientation	polyA-tail_size	5'_TSD_size	3'_TSD_size	Predicted_transD_size	Has_5'_inverted_sequence?	5'_inverted_seq_end	5'_seq_start
cluster0_chr14_39064010_39064017_39064013_39064017	chr14	39064010	39064017	39064013	39064017	419	422	1375	1375	5	13	1	+	16	23	23	1	0	0	0
cluster1_chr14_55025209_55025234_55025209_55025234	chr14	55025209	55025234	55025209	55025234	1254	1259	1358	1358	1	2	0	+	-	15	15	13	0	0	0
cluster0_chr14_81320430_81320439_81320430_81320439	chr14	81320430	81320439	81320430	81320439	421	421	1375	1375	9	12	0	-	16	11	11	7	0	0	0
cluster11_chr14_81461872_81461872_81461872_81461872	chr14	81461872	81461872	81461872	81461872	537	537	1374	1374	1	1	0	-	15	69	68	21	0	0	0
cluster_id	chr start1	start2	end1	end2	start1_inVariant	start2_inVariant	end1_inVariant	end2_inVariant	Confident_supporting_reads	Potential_supporting_reads	Ptential_segmental_supporting_reads	orientation	polyA-tail_size	5'_TSD_size	3'_TSD_size	Predicted_transD_size	Has_5'_inverted_sequence?	5'_inverted_seq_end	5'_seq_start
cluster0_chr15_45697482_45697494_45697482_45697494	chr15	45697482	45697494	45697482	45697494	421	421	1375	1375	7	9	1	-	16	12	12	16	0	0	0
cluster0_chr15_63477828_63477844_63477828_63477844	chr15	63477828	63477844	63477828	63477844	422	427	1375	1375	18	19	0	+	16	17	17	264	0	0	0
cluster9_chr15_75482565_75482565_75482565_75482565	chr15	75482565	75482565	75482565	75482565	1171	1171	1375	1375	3	4	0	+	16	10	10	1	0	0	0
cluster0_chr15_84607674_84607692_84607674_84607692	chr15	84607674	84607692	84607674	84607692	419	422	1373	1375	10	16	0	-	14	13	13	8	0	0	0
cluster0_chr15_88541166_88541207_88541166_88541207	chr15	88541166	88541207	88541166	88541207	1254	1254	1358	1358	1	2	0	+	-	16	16	29	0	0	0
cluster_id	chr start1	start2	end1	end2	start1_inVariant	start2_inVariant	end1_inVariant	end2_inVariant	Confident_supporting_reads	Potential_supporting_reads	Ptential_segmental_supporting_reads	orientation	polyA-tail_size	5'_TSD_size	3'_TSD_size	Predicted_transD_size	Has_5'_inverted_sequence?	5'_inverted_seq_end	5'_seq_start
cluster0_chr16_30215210_30215210_30215210_30215210	chr16	30215210	30215210	30215210	30215210	1272	1272	1367	1367	2	2	0	+	8	14	14	30	0	0	0
cluster2_chr16_30215593_30215593_30215593_30215593	chr16	30215593	30215593	30215593	30215593	1272	1272	1367	1367	1	1	0	+	8	14	14	18	0	0	0
cluster0_chr16_36115561_36115561_36115561_36115561	chr16	36115561	36115561	36115561	36115561	421	421	1373	1375	2	8	0	-	15	16	16	23	0	0	0
cluster0_chr16_48482431_48482431_48482431_48482431	chr16	48482431	48482431	48482431	48482431	14	14	1375	1375	1	3	0	-	16	9	9	0	0	0	0
cluster0_chr16_74811109_74811109_74811109_74811109	chr16	74811109	74811109	74811109	74811109	421	421	1373	1375	9	19	0	+	15	16	16	67	0	0	0
cluster0_chr16_75469418_75469437_75469418_75469437	chr16	75469418	75469437	75469418	75469437	421	422	1369	1371	18	26	2	+	11	317	313	47	0	0	0
cluster0_chr16_84767680_84767739_84767680_84767739	chr16	84767680	84767739	84767680	84767739	1126	1126	1374	1375	1	2	0	-	16	19	19	1	0	0	0
cluster_id	chr start1	start2	end1	end2	start1_inVariant	start2_inVariant	end1_inVariant	end2_inVariant	Confident_supporting_reads	Potential_supporting_reads	Ptential_segmental_supporting_reads	orientation	polyA-tail_size	5'_TSD_size	3'_TSD_size	Predicted_transD_size	Has_5'_inverted_sequence?	5'_inverted_seq_end	5'_seq_start
cluster0_chr17_5055890_5055910_5055890_5055910	chr17	5055890	5055910	5055890	5055910	421	422	1375	1375	15	39	1	-	16	24	25	0	0	0	0
cluster1_chr17_5055892_5055892_5055892_5055892	chr17	5055892	5055892	5055892	5055892	421	421	1375	1375	1	1	0	-	16	26	28	0	0	0	0
cluster0_chr17_20038316_20038332_20038316_20038332	chr17	20038316	20038332	20038316	20038332	581	581	1375	1375	9	11	1	-	16	30	30	22	0	0	0
cluster6_chr17_20092294_20092308_20092294_20092308	chr17	20092294	20092308	20092294	20092308	419	427	1373	1375	5	17	0	-	15	14	14	347	0	0	0
cluster0_chr17_27278672_27278672_27278672_27278672	chr17	27278672	27278672	27278672	27278672	1288	1288	1375	1375	1	1	0	+	16	14	14	6	0	0	0
cluster0_chr17_28457369_28457369_28457369_28457369	chr17	28457369	28457369	28457369	28457369	421	421	1375	1375	1	1	0	+	16	50	50	36	0	0	0
cluster1_chr17_34331369_34331369_34331369_34331369	chr17	34331369	34331369	34331369	34331369	1275	1275	1373	1373	1	1	0	-	14	12	12	28	0	0	0
cluster0_chr17_43409597_43409610_43409597_43409610	chr17	43409597	43409610	43409597	43409610	421	422	1371	1373	7	14	0	+	12	20	20	330	0	0	0
cluster17_chr17_43033758_43033758_43033758_43033758	chr17	43033758	43033758	43033758	43033758	1311	1311	1371	1371	1	1	0	+	12	14	14	16	0	0	0
cluster0_chr17_45583234_45583246_45583234_45583246	chr17	45583234	45583246	45583234	45583246	422	422	1375	1375	5	7	0	-	16	12	12	6	0	0	0
cluster7_chr17_45592732_45592732_45592732_45592732	chr17	45592732	45592732	45592732	45592732	421	421	1370	1371	2	3	0	+	11	9	9	6	0	0	0
cluster9_chr17_46283691_46283760_46283691_46283760	chr17	46283691	46283760	46283691	46283760	1254	1254	1358	1358	1	19	0	-	-	7	7	22	0	0	0
cluster1_chr17_58454031_58454031_58454031_58454031	chr17	58454031	58454031	58454031	58454031	1238	1238	1375	1375	1	1	0	+	16	15	15	1	0	0	0
cluster_id	chr start1	start2	end1	end2	start1_inVariant	start2_inVariant	end1_inVariant	end2_inVariant	Confident_supporting_reads	Potential_supporting_reads	Ptential_segmental_supporting_reads	orientation	polyA-tail_size	5'_TSD_size	3'_TSD_size	Predicted_transD_size	Has_5'_inverted_sequence?	5'_inverted_seq_end	5'_seq_start
cluster0_chr18_26201691_26201781_26201691_26201781	chr18	26201691	26201781	26201691	26201781	1254	1254	1358	1358	1	4	0	-	-	7	7	28	0	0	0
cluster0_chr18_49810931_49810946_49810931_49810946	chr18	49810931	49810946	49810931	49810946	422	422	1375	1375	19	24	0	+	16	14	14	11	0	0	0
cluster0_chr18_58573614_58573614_58573614_58573614	chr18	58573614	58573614	58573614	58573614	1272	1272	1375	1375	8	8	0	-	16	14	14	9	0	0	0
cluster_id	chr start1	start2	end1	end2	start1_inVariant	start2_inVariant	end1_inVariant	end2_inVariant	Confident_supporting_reads	Potential_supporting_reads	Ptential_segmental_supporting_reads	orientation	polyA-tail_size	5'_TSD_size	3'_TSD_size	Predicted_transD_size	Has_5'_inverted_sequence?	5'_inverted_seq_end	5'_seq_start
cluster0_chr19_10477967_10478038_10477967_10478038	chr19	10477967	10478038	10477967	10478038	1212	1212	1366	1366	1	2	0	+	7	13	13	8	0	0	0
cluster0_chr19_11276107_11276107_11276107_11276107	chr19	11276107	11276107	11276107	11276107	1	1	1373	1373	4	5	0	-	14	14	14	5	0	0	0
cluster0_chr19_18724790_18724803_18724790_18724803	chr19	18724790	18724803	18724790	18724803	422	422	1375	1375	18	19	0	-	16	16	16	313	0	0	0
cluster3_chr19_21485178_21485178_21485178_21485178	chr19	21485178	21485178	21485178	21485178	95	95	1375	1375	1	1	0	-	16	20	20	1385	0	0	0
cluster0_chr19_23828484_23828499_23828485_23828499	chr19	23828484	23828499	23828485	23828499	422	423	1374	1375	20	23	0	+	15	14	14	1	0	0	0
cluster23_chr19_23845120_23845135_23845120_23845135	chr19	23845120	23845135	23845120	23845135	422	422	1374	1375	14	26	1	-	15	25	27	229	0	0	0
cluster2_chr19_37332080_37332080_37332080_37332080	chr19	37332080	37332080	37332080	37332080	1254	1254	1358	1358	1	1	0	+	-	16	16	29	0	0	0
cluster0_chr19_39480149_39480149_39480149_39480149	chr19	39480149	39480149	39480149	39480149	1259	1259	1358	1358	1	1	0	+	-	9	9	20	0	0	0
cluster1_chr19_39480043_39480043_39480043_39480043	chr19	39480043	39480043	39480043	39480043	1259	1259	1358	1358	1	1	0	+	-	9	9	19	0	0	0
cluster0_chr19_40801652_40801652_40801652_40801652	chr19	40801652	40801652	40801652	40801652	1255	1255	1375	1375	1	1	0	-	16	15	15	10	0	0	0
cluster2_chr19_41177807_41177807_41177807_41177807	chr19	41177807	41177807	41177807	41177807	427	427	1375	1375	1	1	0	+	16	11	11	1	0	0	0
cluster0_chr19_44449686_44449696_44449686_44449696	chr19	44449686	44449696	44449686	44449696	421	421	1374	1375	4	7	0	+	15	10	10	70	0	0	0
cluster8_chr19_44593781_44593781_44593781_44593781	chr19	44593781	44593781	44593781	44593781	1254	1254	1358	1358	1	1	0	+	-	14	14	1593	0	0	0
cluster0_chr19_46833483_46833495_46833483_46833495	chr19	46833483	46833495	46833483	46833495	421	421	1374	1375	3	9	0	+	15	22	22	404	0	0	0
cluster0_chr19_52591687_52591687_52591687_52591687	chr19	52591687	52591687	52591687	52591687	423	423	1374	1374	1	1	0	-	15	204	205	925	0	0	0
cluster1_chr19_52591687_52591687_52591687_52591687	chr19	52591687	52591687	52591687	52591687	422	422	1374	1374	1	1	0	-	15	204	205	925	0	0	0
cluster3_chr19_52674016_52674016_52674016_52674016	chr19	52674016	52674016	52674016	52674016	616	616	1375	1375	1	1	0	+	16	24	24	168	0	0	0
cluster_id	chr start1	start2	end1	end2	start1_inVariant	start2_inVariant	end1_inVariant	end2_inVariant	Confident_supporting_reads	Potential_supporting_reads	Ptential_segmental_supporting_reads	orientation	polyA-tail_size	5'_TSD_size	3'_TSD_size	Predicted_transD_size	Has_5'_inverted_sequence?	5'_inverted_seq_end	5'_seq_start
cluster0_chr1_1410404_1410404_1410404_1410404	chr1	1410404	1410404	1410404	1410404	1254	1254	1358	1358	1	1	0	+	-	8	8	37	0	0	0
cluster0_chr1_12136871_12136871_12136871_12136871	chr1	12136871	12136871	12136871	12136871	1165	1165	1375	1375	1	1	0	-	16	18	18	16	0	0	0
cluster0_chr1_22159378_22159378_22159378_22159378	chr1	22159378	22159378	22159378	22159378	1268	1268	1375	1375	1	1	0	-	16	7	7	7	0	0	0
cluster2_chr1_25208513_25208513_25208513_25208513	chr1	25208513	25208513	25208513	25208513	1327	1327	1375	1375	3	3	0	-	16	16	16	184	0	0	0
cluster3_chr1_25208376_25208376_25208376_25208376	chr1	25208376	25208376	25208376	25208376	1327	1327	1375	1375	1	1	0	-	16	16	16	183	0	0	0
cluster0_chr1_37775711_37775725_37775711_37775725	chr1	37775711	37775725	37775711	37775725	421	421	1374	1375	7	9	0	-	15	14	14	25	0	0	0
cluster0_chr1_38829925_38829938_38829925_38829938	chr1	38829925	38829938	38829925	38829938	427	427	1375	1375	1	7	1	+	16	14	14	5	0	0	0
cluster1_chr1_45527692_45527692_45527692_45527692	chr1	45527692	45527692	45527692	45527692	1254	1254	1358	1358	2	2	0	+	-	12	12	1758	0	0	0
cluster0_chr1_64384497_64384497_64384497_64384497	chr1	64384497	64384497	64384497	64384497	420	420	1375	1375	8	15	2	+	16	10	10	11	0	0	0
cluster0_chr1_88507127_88507143_88507127_88507143	chr1	88507127	88507143	88507127	88507143	500	500	1375	1375	8	13	1	+	16	16	16	1106	0	0	0
cluster0_chr1_111353552_111353566_111353552_111353566	chr1	111353552	111353566	111353552	111353566	497	499	1373	1375	17	20	0	+	15	13	13	41	0	0	0
cluster4_chr1_160913784_160913784_160913784_160913784	chr1	160913784	160913784	160913784	160913784	1254	1254	1358	1358	1	1	0	+	-	13	13	50	0	0	0
cluster0_chr1_165892147_165892164_165892147_165892164	chr1	165892147	165892164	165892147	165892164	422	424	1375	1375	12	12	0	-	16	16	16	17	0	0	0
cluster1_chr1_168451691_168451703_168451691_168451703	chr1	168451691	168451703	168451691	168451703	422	422	1375	1375	8	12	0	-	16	12	12	10	0	0	0
cluster0_chr1_236374896_236374909_236374896_236374909	chr1	236374896	236374909	236374896	236374909	421	445	1375	1375	9	17	0	-	16	12	12	0	0	0	0
cluster_id	chr start1	start2	end1	end2	start1_inVariant	start2_inVariant	end1_inVariant	end2_inVariant	Confident_supporting_reads	Potential_supporting_reads	Ptential_segmental_supporting_reads	orientation	polyA-tail_size	5'_TSD_size	3'_TSD_size	Predicted_transD_size	Has_5'_inverted_sequence?	5'_inverted_seq_end	5'_seq_start
cluster1_chr20_3062831_3062831_3062831_3062831	chr20	3062831	3062831	3062831	3062831	828	828	1370	1370	3	3	0	+	11	66	63	257	0	0	0
cluster2_chr20_3061389_3061389_3061389_3061389	chr20	3061389	3061389	3061389	3061389	828	828	1370	1370	1	1	0	+	11	10	10	253	0	0	0
cluster0_chr20_4102183_4102200_4102183_4102200	chr20	4102183	4102200	4102183	4102200	421	421	1375	1375	9	10	0	+	16	16	16	9	0	0	0
cluster4_chr20_5637152_5637152_5637152_5637152	chr20	5637152	5637152	5637152	5637152	2	2	1366	1366	1	1	0	-	7	19	19	1510	0	0	0
cluster0_chr20_30880741_30880746_30880741_30880746	chr20	30880741	30880746	30880741	30880746	421	423	1373	1375	7	13	0	+	15	16	16	80	0	0	0
cluster1_chr20_41971465_41971465_41971465_41971465	chr20	41971465	41971465	41971465	41971465	1254	1254	1358	1358	1	1	0	+	-	16	16	30	0	0	0
cluster0_chr20_52091834_52091845_52091834_52091845	chr20	52091834	52091845	52091834	52091845	421	422	1375	1375	21	25	0	+	16	54	54	19	0	0	0
cluster_id	chr start1	start2	end1	end2	start1_inVariant	start2_inVariant	end1_inVariant	end2_inVariant	Confident_supporting_reads	Potential_supporting_reads	Ptential_segmental_supporting_reads	orientation	polyA-tail_size	5'_TSD_size	3'_TSD_size	Predicted_transD_size	Has_5'_inverted_sequence?	5'_inverted_seq_end	5'_seq_start
cluster0_chr21_39908213_39908227_39908213_39908227	chr21	39908213	39908227	39908213	39908227	418	422	1375	1375	4	14	0	-	16	14	14	51	0	0	0
cluster1_chr21_39908213_39908213_39908213_39908213	chr21	39908213	39908213	39908213	39908213	421	421	1375	1375	1	1	0	-	16	14	14	51	0	0	0
cluster_id	chr start1	start2	end1	end2	start1_inVariant	start2_inVariant	end1_inVariant	end2_inVariant	Confident_supporting_reads	Potential_supporting_reads	Ptential_segmental_supporting_reads	orientation	polyA-tail_size	5'_TSD_size	3'_TSD_size	Predicted_transD_size	Has_5'_inverted_sequence?	5'_inverted_seq_end	5'_seq_start
cluster1_chr22_11296554_11296554_11296554_11296554	chr22	11296554	11296554	11296554	11296554	421	421	1375	1375	2	2	0	-	16	17	17	76	0	0	0
cluster0_chr22_12519768_12519768_12519768_12519768	chr22	12519768	12519768	12519768	12519768	421	421	1369	1369	1	1	0	+	10	10	10	1	0	0	0
cluster1_chr22_12344348_12344348_12344348_12344348	chr22	12344348	12344348	12344348	12344348	421	421	1369	1370	6	6	0	-	10	1145	1137	1	0	0	0
cluster0_chr22_16437286_16437286_16437286_16437286	chr22	16437286	16437286	16437286	16437286	422	422	1375	1375	6	8	0	+	16	10	10	3	0	0	0
cluster1_chr22_17653857_17653857_17653857_17653857	chr22	17653857	17653857	17653857	17653857	421	421	1375	1375	13	14	0	+	16	13	13	4	0	0	0
cluster0_chr22_42961224_42961224_42961224_42961224	chr22	42961224	42961224	42961224	42961224	1211	1211	1375	1375	1	1	0	+	16	16	16	1	0	0	0
cluster0_chr22_49029645_49029657_49029650_49029657	chr22	49029645	49029657	49029650	49029657	422	423	1375	1375	2	15	0	+	16	11	11	18	0	0	0
cluster_id	chr start1	start2	end1	end2	start1_inVariant	start2_inVariant	end1_inVariant	end2_inVariant	Confident_supporting_reads	Potential_supporting_reads	Ptential_segmental_supporting_reads	orientation	polyA-tail_size	5'_TSD_size	3'_TSD_size	Predicted_transD_size	Has_5'_inverted_sequence?	5'_inverted_seq_end	5'_seq_start
cluster4_chr2_36916870_36916870_36916870_36916870	chr2	36916870	36916870	36916870	36916870	1326	1326	1375	1375	1	1	0	+	16	9	9	10	0	0	0
cluster0_chr2_47582850_47582866_47582850_47582866	chr2	47582850	47582866	47582850	47582866	422	422	1371	1373	22	25	0	-	13	25	25	90	0	0	0
cluster0_chr2_85094862_85094862_85094862_85094862	chr2	85094862	85094862	85094862	85094862	1260	1260	1373	1373	1	1	0	-	14	15	15	2	0	0	0
cluster0_chr2_112934826_112934826_112934826_112934826	chr2	112934826	112934826	112934826	112934826	1254	1254	1358	1358	1	1	0	+	-	12	12	33	0	0	0
cluster0_chr2_193680304_193680321_193680304_193680321	chr2	193680304	193680321	193680304	193680321	421	427	1375	1375	2	10	0	-	16	24	23	457	0	0	0
cluster2_chr2_231538182_231538182_231538182_231538182	chr2	231538182	231538182	231538182	231538182	761	761	1375	1375	1	1	0	-	16	19	19	1	0	0	0
cluster0_chr2_234168185_234168185_234168185_234168185	chr2	234168185	234168185	234168185	234168185	1254	1254	1358	1358	1	1	0	-	-	12	12	32	0	0	0
cluster_id	chr start1	start2	end1	end2	start1_inVariant	start2_inVariant	end1_inVariant	end2_inVariant	Confident_supporting_reads	Potential_supporting_reads	Ptential_segmental_supporting_reads	orientation	polyA-tail_size	5'_TSD_size	3'_TSD_size	Predicted_transD_size	Has_5'_inverted_sequence?	5'_inverted_seq_end	5'_seq_start
cluster2_chr3_23544822_23544822_23544822_23544822	chr3	23544822	23544822	23544822	23544822	1254	1254	1358	1358	1	1	0	-	-	10	10	18	0	0	0
cluster0_chr3_50520451_50520522_50520451_50520522	chr3	50520451	50520522	50520451	50520522	1254	1254	1358	1358	1	2	0	+	-	16	16	29	0	0	0
cluster0_chr3_125970554_125970585_125970554_125970585	chr3	125970554	125970585	125970554	125970585	1322	1322	1371	1371	2	2	0	+	12	22	21	2	0	0	0
cluster0_chr3_126371344_126371360_126371344_126371360	chr3	126371344	126371360	126371344	126371360	421	421	1375	1375	11	11	0	+	16	16	16	6	0	0	0
cluster0_chr3_138126528_138126545_138126528_138126545	chr3	138126528	138126545	138126528	138126545	419	427	1363	1369	19	31	1	+	6	19	18	9	0	0	0
cluster0_chr3_147890049_147890066_147890049_147890066	chr3	147890049	147890066	147890049	147890066	422	422	1375	1375	10	19	2	+	16	17	17	12	0	0	0
cluster3_chr3_186982843_186982854_186982843_186982854	chr3	186982843	186982854	186982843	186982854	422	422	1375	1375	4	6	0	-	16	19	19	0	0	0	0
cluster_id	chr start1	start2	end1	end2	start1_inVariant	start2_inVariant	end1_inVariant	end2_inVariant	Confident_supporting_reads	Potential_supporting_reads	Ptential_segmental_supporting_reads	orientation	polyA-tail_size	5'_TSD_size	3'_TSD_size	Predicted_transD_size	Has_5'_inverted_sequence?	5'_inverted_seq_end	5'_seq_start
cluster0_chr4_9703204_9703204_9703204_9703204	chr4	9703204	9703204	9703204	9703204	421	422	1374	1375	4	6	0	+	15	20	20	81	0	0	0
cluster0_chr4_54919396_54919396_54919396_54919396	chr4	54919396	54919396	54919396	54919396	1260	1260	1375	1375	1	1	0	-	16	18	18	17	0	0	0
cluster2_chr4_165002567_165002567_165002567_165002567	chr4	165002567	165002567	165002567	165002567	1254	1254	1358	1358	1	1	0	+	-	9	9	23	0	0	0
cluster_id	chr start1	start2	end1	end2	start1_inVariant	start2_inVariant	end1_inVariant	end2_inVariant	Confident_supporting_reads	Potential_supporting_reads	Ptential_segmental_supporting_reads	orientation	polyA-tail_size	5'_TSD_size	3'_TSD_size	Predicted_transD_size	Has_5'_inverted_sequence?	5'_inverted_seq_end	5'_seq_start
cluster0_chr5_721256_721269_721256_721269	chr5	721256	721269	721256	721269	421	421	1374	1375	3	6	1	+	15	13	13	22	0	0	0
cluster0_chr5_8938422_8938422_8938422_8938422	chr5	8938422	8938422	8938422	8938422	1254	1254	1358	1358	1	1	0	+	-	16	16	29	0	0	0
cluster1_chr5_35177034_35177034_35177034_35177034	chr5	35177034	35177034	35177034	35177034	1254	1254	1358	1358	1	1	0	+	-	7	7	6	0	0	0
cluster0_chr5_56036912_56036912_56036912_56036912	chr5	56036912	56036912	56036912	56036912	8	8	1375	1375	1	1	0	-	16	20	20	1320	0	0	0
cluster2_chr5_56152168_56152184_56152168_56152184	chr5	56152168	56152184	56152168	56152184	1219	1219	1375	1375	32	33	0	+	16	15	15	81	0	0	0
cluster0_chr5_75605978_75605994_75605978_75605994	chr5	75605978	75605994	75605978	75605994	1257	1257	1358	1358	1	2	0	-	-	16	16	27	0	0	0
cluster0_chr5_79130727_79130745_79130727_79130745	chr5	79130727	79130745	79130727	79130745	419	427	1371	1373	7	12	0	+	12	18	18	26	0	0	0
cluster0_chr5_126729430_126729445_126729430_126729445	chr5	126729430	126729445	126729430	126729445	543	543	1375	1375	7	10	0	+	16	15	15	52	0	0	0
cluster0_chr5_134619331_134619333_134619333_134619335	chr5	134619331	134619333	134619333	134619335	422	422	1375	1375	2	6	1	+	16	12	12	1	0	0	0
cluster0_chr5_142000089_142000105_142000089_142000105	chr5	142000089	142000105	142000089	142000105	421	421	1375	1375	12	27	2	-	16	16	16	514	0	0	0
cluster0_chr5_142000089_142000105_142000089_142000105	chr5	142000089	142000105	142000089	142000105	421	421	1375	1375	16	36	2	-	16	16	16	514	0	0	0
cluster0_chr5_151166575_151166590_151166575_151166590	chr5	151166575	151166590	151166575	151166590	421	421	1375	1375	11	15	0	-	16	19	19	238	0	0	0
cluster5_chr5_179555622_179555622_179555622_179555622	chr5	179555622	179555622	179555622	179555622	1331	1331	1371	1371	5	5	0	-	12	12	12	0	0	0	0
cluster_id	chr start1	start2	end1	end2	start1_inVariant	start2_inVariant	end1_inVariant	end2_inVariant	Confident_supporting_reads	Potential_supporting_reads	Ptential_segmental_supporting_reads	orientation	polyA-tail_size	5'_TSD_size	3'_TSD_size	Predicted_transD_size	Has_5'_inverted_sequence?	5'_inverted_seq_end	5'_seq_start
cluster0_chr6_2919923_2919923_2919923_2919923	chr6	2919923	2919923	2919923	2919923	422	422	1375	1375	10	11	0	+	16	15	15	15	0	0	0
cluster1_chr6_18344646_18344646_18344646_18344646	chr6	18344646	18344646	18344646	18344646	1314	1314	1374	1374	1	1	0	-	15	10	10	34	0	0	0
cluster2_chr6_18344787_18344826_18344787_18344826	chr6	18344787	18344826	18344787	18344826	1314	1314	1374	1374	2	2	0	-	15	9	9	35	0	0	0
cluster26_chr6_32546835_32546846_32546835_32546846	chr6	32546835	32546846	32546835	32546846	421	421	1375	1375	8	9	0	+	16	10	10	1	0	0	0
cluster0_chr6_36940985_36940985_36940985_36940985	chr6	36940985	36940985	36940985	36940985	421	421	1375	1375	2	2	0	+	16	17	17	20	0	0	0
cluster0_chr6_57308843_57308931_57308843_57308931	chr6	57308843	57308931	57308843	57308931	1171	1171	1374	1375	3	4	0	-	15	16	16	0	0	0	0
cluster0_chr6_73464462_73464462_73464462_73464462	chr6	73464462	73464462	73464462	73464462	1335	1335	1375	1375	1	1	0	+	16	9	9	5	0	0	0
cluster5_chr6_88382137_88382148_88382137_88382148	chr6	88382137	88382148	88382137	88382148	1254	1254	1358	1358	1	2	0	+	-	14	14	31	0	0	0
cluster0_chr6_138775843_138775860_138775843_138775860	chr6	138775843	138775860	138775843	138775860	421	421	1374	1375	8	11	2	+	15	16	16	53	0	0	0
cluster0_chr6_144694252_144694266_144694252_144694266	chr6	144694252	144694266	144694252	144694266	421	421	1375	1375	7	9	1	-	16	14	14	445	0	0	0
cluster0_chr6_153108702_153108722_153108702_153108722	chr6	153108702	153108722	153108702	153108722	971	971	1375	1375	20	21	1	+	16	19	19	437	0	0	0
cluster0_chr6_158217808_158217824_158217808_158217824	chr6	158217808	158217824	158217808	158217824	427	427	1375	1375	3	4	1	+	16	16	16	11	0	0	0
cluster_id	chr start1	start2	end1	end2	start1_inVariant	start2_inVariant	end1_inVariant	end2_inVariant	Confident_supporting_reads	Potential_supporting_reads	Ptential_segmental_supporting_reads	orientation	polyA-tail_size	5'_TSD_size	3'_TSD_size	Predicted_transD_size	Has_5'_inverted_sequence?	5'_inverted_seq_end	5'_seq_start
cluster0_chr7_5856400_5856417_5856400_5856417	chr7	5856400	5856417	5856400	5856417	422	427	1370	1375	5	21	0	-	11	17	17	26	0	0	0
cluster1_chr7_5856400_5856400_5856400_5856400	chr7	5856400	5856400	5856400	5856400	422	422	1371	1371	1	1	0	-	12	17	17	29	0	0	0
cluster2_chr7_29791577_29791591_29791577_29791591	chr7	29791577	29791591	29791577	29791591	581	581	1374	1375	10	17	0	-	15	17	17	66	0	0	0
cluster0_chr7_62596958_62596958_62596958_62596958	chr7	62596958	62596958	62596958	62596958	423	423	1370	1370	1	1	0	-	11	13	13	0	0	0	0
cluster1_chr7_62596958_62596958_62596958_62596958	chr7	62596958	62596958	62596958	62596958	422	422	1370	1370	1	1	0	-	11	13	13	0	0	0	0
cluster0_chr7_64197473_64197482_64197473_64197482	chr7	64197473	64197482	64197473	64197482	422	424	1375	1375	6	12	1	-	16	9	9	0	0	0	0
cluster7_chr7_65580693_65580707_65580693_65580707	chr7	65580693	65580707	65580693	65580707	421	421	1375	1375	2	7	2	-	16	14	14	11	0	0	0
cluster0_chr7_66876762_66876762_66876762_66876762	chr7	66876762	66876762	66876762	66876762	762	762	1375	1375	1	1	0	-	16	13	13	452	0	0	0
cluster0_chr7_104748538_104748538_104748538_104748538	chr7	104748538	104748538	104748538	104748538	1254	1254	1358	1358	1	1	0	+	-	14	14	31	0	0	0
cluster0_chr7_129475081_129475081_129475081_129475081	chr7	129475081	129475081	129475081	129475081	1171	1171	1374	1374	1	1	0	-	15	15	15	0	0	0	0
cluster3_chr7_129475232_129475335_129475232_129475335	chr7	129475232	129475335	129475232	129475335	1171	1171	1374	1374	10	10	0	-	15	12	12	2	0	0	0
cluster1_chr7_143063340_143063354_143063340_143063354	chr7	143063340	143063354	143063340	143063354	1236	1236	1374	1374	2	2	0	+	15	16	16	1	0	0	0
cluster_id	chr start1	start2	end1	end2	start1_inVariant	start2_inVariant	end1_inVariant	end2_inVariant	Confident_supporting_reads	Potential_supporting_reads	Ptential_segmental_supporting_reads	orientation	polyA-tail_size	5'_TSD_size	3'_TSD_size	Predicted_transD_size	Has_5'_inverted_sequence?	5'_inverted_seq_end	5'_seq_start
cluster0_chr8_43724373_43724373_43724373_43724373	chr8	43724373	43724373	43724373	43724373	1169	1169	1368	1368	1	1	0	-	9	14	14	31	0	0	0
cluster0_chr8_108123694_108123694_108123695_108123696	chr8	108123694	108123694	108123695	108123696	422	422	1375	1375	6	9	0	+	16	14	14	1	0	0	0
cluster0_chr8_117611592_117611605_117611592_117611605	chr8	117611592	117611605	117611592	117611605	472	472	1375	1375	3	10	2	-	16	9	9	419	0	0	0
cluster0_chr8_127613045_127613055_127613045_127613055	chr8	127613045	127613055	127613045	127613055	421	446	1375	1375	2	8	0	+	16	18	18	12	0	0	0
cluster3_chr8_143849331_143849331_143849331_143849331	chr8	143849331	143849331	143849331	143849331	1254	1254	1358	1358	1	1	0	-	-	292	301	241	0	0	0
cluster4_chr8_143849625_143849625_143849625_143849625	chr8	143849625	143849625	143849625	143849625	1254	1254	1358	1358	1	1	0	-	-	291	302	241	0	0	0
cluster_id	chr start1	start2	end1	end2	start1_inVariant	start2_inVariant	end1_inVariant	end2_inVariant	Confident_supporting_reads	Potential_supporting_reads	Ptential_segmental_supporting_reads	orientation	polyA-tail_size	5'_TSD_size	3'_TSD_size	Predicted_transD_size	Has_5'_inverted_sequence?	5'_inverted_seq_end	5'_seq_start
cluster0_chr9_33130551_33130562_33130551_33130562	chr9	33130551	33130562	33130551	33130562	422	422	1375	1375	8	13	0	-	16	16	16	13	0	0	0
cluster0_chr9_34703689_34703703_34703689_34703703	chr9	34703689	34703703	34703689	34703703	421	421	1367	1375	5	6	0	-	8	14	14	26	0	0	0
cluster6_chr9_34038144_34038144_34038144_34038144	chr9	34038144	34038144	34038144	34038144	421	421	1375	1375	1	1	0	+	16	13	13	5	0	0	0
cluster15_chr9_41480583_41480584_41480584_41480584	chr9	41480583	41480584	41480584	41480584	422	422	1375	1375	8	31	23	+	16	16	16	68	1	1263	1270
cluster16_chr9_41480584_41480584_41480584_41480584	chr9	41480584	41480584	41480584	41480584	422	422	1375	1375	1	2	1	+	16	16	16	69	1	687	1270
cluster17_chr9_41480584_41480584_41480584_41480584	chr9	41480584	41480584	41480584	41480584	422	422	1375	1375	1	2	1	+	16	16	16	69	1	730	1270
cluster18_chr9_41480584_41480584_41480584_41480584	chr9	41480584	41480584	41480584	41480584	422	422	1375	1375	5	5	0	+	16	16	16	69	1	646	1270
cluster19_chr9_41480584_41480584_41480584_41480584	chr9	41480584	41480584	41480584	41480584	785	785	1375	1375	1	1	0	+	16	16	16	69	1	855	1270
cluster76_chr9_41480584_41480584_41480584_41480584	chr9	41480584	41480584	41480584	41480584	1270	1270	1375	1375	8	8	0	+	16	16	16	68	0	0	0
cluster0_chr9_79122622_79122633_79122622_79122633	chr9	79122622	79122633	79122622	79122633	421	427	1375	1375	4	12	2	+	16	55	54	8	0	0	0
cluster9_chr9_104844307_104844322_104844307_104844322	chr9	104844307	104844322	104844307	104844322	421	421	1375	1375	8	10	1	+	16	14	14	417	0	0	0
cluster0_chr9_125327796_125327796_125327796_125327796	chr9	125327796	125327796	125327796	125327796	692	692	1375	1375	1	1	0	-	16	16	17	24	0	0	0
cluster1_chr9_125327796_125327796_125327796_125327796	chr9	125327796	125327796	125327796	125327796	649	649	1375	1375	1	1	0	-	16	16	17	24	0	0	0
cluster0_chr9_131414410_131414425_131414410_131414425	chr9	131414410	131414425	131414410	131414425	422	422	1375	1375	9	14	0	-	16	18	18	6	0	0	0
cluster16_chr9_131356480_131356480_131356480_131356480	chr9	131356480	131356480	131356480	131356480	1254	1254	1358	1358	2	2	0	+	-	14	14	1930	0	0	0
cluster5_chr9_133895871_133895929_133895871_133895929	chr9	133895871	133895929	133895871	133895929	1162	1162	1375	1375	2	2	0	-	16	14	14	0	0	0	0
cluster1_chr9_134578256_134578273_134578256_134578273	chr9	134578256	134578273	134578256	134578273	427	427	1374	1375	1	6	0	+	15	47	43	52	0	0	0
cluster25_chr9_134092316_134092316_134092316_134092316	chr9	134092316	134092316	134092316	134092316	1254	1254	1358	1358	1	1	0	-	-	9	9	573	0	0	0
cluster_id	chr start1	start2	end1	end2	start1_inVariant	start2_inVariant	end1_inVariant	end2_inVariant	Confident_supporting_reads	Potential_supporting_reads	Ptential_segmental_supporting_reads	orientation	polyA-tail_size	5'_TSD_size	3'_TSD_size	Predicted_transD_size	Has_5'_inverted_sequence?	5'_inverted_seq_end	5'_seq_start
cluster0_chrX_91080648_91080663_91080648_91080663	chrX	91080648	91080663	91080648	91080663	421	422	1375	1375	8	24	1	-	16	15	15	602	0	0	0
cluster1_chrX_91080648_91080648_91080648_91080648	chrX	91080648	91080648	91080648	91080648	421	421	1375	1375	1	1	0	-	16	15	15	604	0	0	0
cluster0_chrX_101542040_101542055_101542040_101542055	chrX	101542040	101542055	101542040	101542055	472	472	1375	1375	22	27	1	-	16	18	18	30	0	0	0
cluster1_chrX_101542040_101542040_101542040_101542040	chrX	101542040	101542040	101542040	101542040	472	472	1375	1375	1	1	0	-	16	18	18	31	0	0	0
cluster_id	chr start1	start2	end1	end2	start1_inVariant	start2_inVariant	end1_inVariant	end2_inVariant	Confident_supporting_reads	Potential_supporting_reads	Ptential_segmental_supporting_reads	orientation	polyA-tail_size	5'_TSD_size	3'_TSD_size	Predicted_transD_size	Has_5'_inverted_sequence?	5'_inverted_seq_end	5'_seq_start
