chr1	24448673	24448673	-1	-1	8	0	31	27	8	0	79.395	55.91	8	0	31	27	8	0	6023:6036	-1:-1	3356:4043	5509:6091	not_transduction	0	0	0	31	0	27	0	Not-5prime-inversion	one_half_side_tprt	one_end_consistent	hit_end_of_consensus	21	17	12	22	88	143	0	2:6:7:11:20:22:23:28:36:37:40:41:45:47:47:50:54:55:57:59:60	0	31	27	0	2735	Fall_in_LINE1_copy_21.7	intron:ENSG00000001461.16:NIPAL3	0/1
chr1	42018289	42018289	42018299	10	10	4	50	28	10	0	93.9	75.71	10	4	50	28	10	0	6003:6033	4612:4625	4642:5116	5451:6024	not_transduction	0	0	0	50	0	28	0	Not-5prime-inversion	two_side_tprt_both	one_end_consistent	hit_end_of_consensus	19	14	16	22	102	157	0	2:2:3:17:18:21:29:30:41:43:46:50:51:56:58:66:67:78:79	0	50	28	0	1421	Left_is_LINE1_copy_21.1	intron:ENSG00000127124.15:HIVEP3	0/1
chr1	74727205	74727205	74727223	18	6	6	35	16	0	6	47.365	47.535	6	6	35	16	0	-6	2392:2422	6001:6010	5398:6014	2420:2878	not_transduction	0	0	0	0	35	0	16	Not-5prime-inversion	two_side_tprt_both	both_end_consistent	hit_end_of_consensus	9	17	11	11	82	99	0	55:46:74:67:18:28:44:4:59	0	35	16	0	3618	not_in_LINE1_copy	intron:ENSG00000116791.13:CRYZ	0/1
chr1	101513424	101513424	101513432	8	27	7	14	56	0	7	69.67	96.67	27	7	14	56	0	-7	3679:3732	6019:6019	5295:6014	3121:3711	chr3:89460826-89466856~1~89460674-89460706	34	63	7	0	14	56	0	5-prime-inversion	two_side_tprt_both	both_end_consistent	hit_end_of_consensus	28	27	28	16	110	184	12	49:49:70:53:44:17:18:35:23:5:31:24:50:38:19:33:39:19:21:32:24:48:49:58:49:54:48:53	0	14	56	0	2929	not_in_LINE1_copy	not_gene_region	0/1
chr1	102103352	102103352	102103367	15	17	14	31	35	17	0	91.445	75.54	17	14	31	35	17	0	6047:6058	15:62	77:480	5351:6039	not_transduction	0	0	0	31	0	35	0	Not-5prime-inversion	two_side_tprt_both	both_end_consistent	hit_end_of_consensus	20	32	20	18	86	191	0	32:25:38:11:4:33:25:44:26:56:31:7:32:38:14:9:3:72:60:85	0	31	35	0	6043	not_in_LINE1_copy	not_gene_region	0/1
chr1	105853790	105853790	105853803	13	14	6	10	45	0	6	48.55	64.275	14	6	10	45	0	-6	5600:5656	6019:6019	5284:6084	5243:5768	not_transduction	0	0	0	1	9	41	4	5-prime-inversion	two_side_tprt_both	both_end_consistent	hit_end_of_consensus	15	24	15	7	85	111	0	17:55:61:43:27:15:27:68:6:23:12:38:38:62:60	0	10	45	0	419	Right_is_LINE1_copy_29.5	not_gene_region	0/1
chr1	119010743	119010728	119010743	15	8	16	37	25	8	0	74.83	58.055	8	16	37	25	8	0	6017:6038	5032:5092	5096:5595	5458:6067	not_transduction	0	0	0	37	0	25	0	Not-5prime-inversion	two_side_tprt_both	both_end_consistent	hit_end_of_consensus	22	15	12	23	87	125	0	3:6:7:7:9:10:11:15:17:18:18:23:31:31:38:42:53:54:55:59:68:70	0	37	25	0	1006	not_in_LINE1_copy	not_gene_region	0/1
chr1	221654475	-1	221654475	-1	0	6	28	18	0	6	72.785	65.31	0	6	28	18	0	-6	-1:-1	6000:6018	5695:6018	5695:5952	not_transduction	0	0	0	0	28	0	18	Not-5prime-inversion	one_half_side_tprt	one_end_consistent	hit_end_of_consensus	15	25	16	12	90	164	1	56:64:64:11:10:75:25:68:42:42:98:86:51:102:57	0	28	18	0	257	not_in_LINE1_copy	not_gene_region	0/1
chr1	248897273	248897265	248897273	8	6	10	39	18	6	0	59.3	50.01	6	10	39	18	6	0	6064:6066	5596:5628	5215:5736	5299:6100	not_transduction	0	0	0	1	38	17	1	5-prime-inversion	two_side_tprt_both	both_end_consistent	hit_end_of_consensus	12	8	6	12	82	126	0	5:9:22:24:27:30:31:39:45:49:50:54	0	39	18	0	470	Left_is_LINE1_copy_20.4	not_gene_region	0/1
chr2	11283587	11283587	-1	-1	16	0	0	8	1	0	59.0844444444	71.8277777778	0	0	0	0	0	0	-1:-1	-1:-1	-1:-1	-1:-1	chr2:155671336-155671336~0~155669773-155669819	16	8	1	0	0	0	0	Not-5prime-inversion	one_side_and_half_transduction	one_end_consistent	hit_end_of_consensus	17	9	31	11	37	166	0	23:17:26:10:23:10:18:71:90:32:29:28:25:27:10:11:82	0	0	0	0	0	Right_is_LINE1_copy_15.0	intron:ENSG00000134318.13:ROCK2	0/1
chr2	22968127	22968127	22968144	17	27	15	51	53	0	15	49.595	59.34	27	15	51	53	0	-15	15:71	6030:6057	5412:6039	76:794	not_transduction	0	0	0	0	51	0	53	Not-5prime-inversion	two_side_tprt_both	both_end_consistent	hit_end_of_consensus	29	3	30	24	135	17	5	50:25:69:44:28:56:36:54:57:52:7:55:68:64:42:7:28:32:44:14:13:15:51:36:63:66:52:23:40	2	49	53	0	6042	not_in_LINE1_copy	not_gene_region	0/1
chr2	24573902	24573887	24573902	15	11	35	83	70	11	0	77.765	67.775	11	35	83	70	11	0	6083:6098	4119:4178	3569:4167	5472:6098	not_transduction	0	0	0	0	83	68	2	5-prime-inversion	two_side_tprt_both	both_end_consistent	hit_end_of_consensus	38	0	23	40	202	33	0	6:7:9:12:12:14:14:16:16:17:19:20:23:26:29:30:32:32:37:38:39:40:41:44:45:46:48:49:55:56:62:63:63:64:65:67:70:71	0	83	70	0	1979	Right_is_LINE1_copy_33.1	intron:ENSG00000084676.15:NCOA1	1/1
chr2	36343099	36343099	36343116	17	6	4	24	37	0	4	48.245	66.88	6	4	24	37	0	-4	27:58	6087:6088	5559:6027	75:790	not_transduction	0	0	0	0	24	0	37	Not-5prime-inversion	two_side_tprt_both	both_end_consistent	hit_end_of_consensus	12	22	12	5	86	137	1	39:71:70:67:20:40:20:21:27:43:29:57	1	23	37	0	6061	not_in_LINE1_copy	not_gene_region	0/1
chr2	81870903	81870903	81870919	16	22	20	54	60	22	0	58.675	61.6	22	20	54	60	22	0	6082:6095	13:72	76:617	5319:6003	not_transduction	0	0	0	54	0	60	0	Not-5prime-inversion	two_side_tprt_both	both_end_consistent	hit_end_of_consensus	30	2	30	24	138	24	0	65:49:9:45:37:20:17:5:12:3:27:24:19:19:6:43:42:8:14:33:9:21:32:20:21:27:71:49:47:64	1	53	60	0	6082	not_in_LINE1_copy	not_gene_region	0/1
chr2	100086694	100086694	100086710	16	7	3	4	9	0	3	52.66	75.11	7	3	4	9	0	-3	5745:5763	6025:6028	5822:5904	5128:5495	not_transduction	0	0	0	0	4	9	0	5-prime-inversion	two_side_tprt_both	both_end_consistent	hit_end_of_consensus	13	29	14	7	91	148	0	15:60:70:36:10:60:11:3:28:19:16:12:52	0	4	9	0	283	not_in_LINE1_copy	intron:ENSG00000144218.18:AFF3	0/1
chr2	146263362	146263362	146263358	4	30	30	108	81	30	0	70.41	65.44	30	30	108	81	30	0	6001:6082	4574:4636	4638:5280	5256:6072	not_transduction	0	0	0	108	0	81	0	Not-5prime-inversion	two_side_tprt_both	one_end_consistent	hit_end_of_consensus	34	0	40	36	230	18	21	8:8:10:13:14:14:14:22:23:20:26:27:33:34:39:39:40:40:44:44:46:48:51:52:55:56:59:60:61:64:66:49:72:72	0	108	81	0	1508	not_in_LINE1_copy	not_gene_region	1/1
chr2	155671336	155671309	155671336	27	4	12	19	35	5	0	50.505	63.155	4	12	19	35	5	0	6062:6064	15:67	74:618	5579:6091	not_transduction	0	0	0	19	0	35	0	Not-5prime-inversion	two_side_tprt_both	both_end_consistent	hit_end_of_consensus	13	2	10	19	72	113	6	5:15:19:25:26:31:40:47:53:56:65:66:67	0	19	35	0	6049	Left_is_LINE1_copy_17.3	not_gene_region	0/1
chr2	180135812	180135812	180135828	16	16	10	48	33	16	10	68.095	78.815	16	10	48	33	16	-10	5977:6022	4734:4781	4144:5142	5565:6015	not_transduction	0	0	0	2	46	33	0	5-prime-inversion	polyA_dominant_both-side_may_low_confident	both_end_consistent	hit_end_of_consensus	19	21	20	10	102	149	0	18:10:21:27:16:55:31:27:31:42:2:5:40:4:34:61:58:59:44	2	46	33	0	1288	not_in_LINE1_copy	not_gene_region	0/1
chr3	1120996	1120996	-1	-1	4	0	2	13	3	0	92.42	127.99	4	0	2	13	-3	0	6038:6053	-1:-1	5518:5601	5514:5811	not_transduction	0	0	0	0	2	0	13	Not-5prime-inversion	one_half_side_tprt	one_end_consistent	hit_end_of_consensus	19	75	22	1	68	352	0	10:28:79:79:91:83:46:49:94:12:52:80:59:16:57:77:82:63:59	0	2	0	13	293	Left_is_LINE1_copy_25.6	intron:ENSG00000134115.12:CNTN6	0/1
chr3	38584591	38584574	38584591	17	6	15	22	35	6	0	50.365	53.055	6	15	22	35	6	0	6037:6049	15:69	75:642	5572:6091	not_transduction	0	0	0	22	0	35	0	Not-5prime-inversion	two_side_tprt_both	both_end_consistent	hit_end_of_consensus	17	6	10	19	79	111	0	4:6:16:20:22:29:29:33:34:44:46:52:53:60:68:68:70	0	22	35	0	6034	not_in_LINE1_copy	intron:ENSG00000183873.15:SCN5A	0/1
chr3	49404095	49404094	49404095	1	2	10	10	0	0	0	58.435	49.29	2	10	10	0	0	0	5107:5107	5938:5979	5897:5977	-1:-1	not_transduction	0	0	0	0	10	0	0	5-prime-inversion	one_half_side_tprt	one_end_consistent	hit_end_of_consensus	13	18	13	13	125	105	11	25:60:54:11:11:113:30:39:65:51:52:63:53	0	10	0	0	872	not_in_LINE1_copy	intron:ENSG00000067560.10:RHOA	0/1
chr3	55754552	55754539	55754552	13	4	7	22	41	4	0	66.095	77.905	4	7	22	41	4	0	6065:6067	14:37	76:591	5387:6014	not_transduction	0	0	0	22	0	41	0	Not-5prime-inversion	two_side_tprt_both	both_end_consistent	hit_end_of_consensus	11	17	10	15	84	175	0	3:5:9:16:19:26:34:39:59:68:68	1	21	41	0	6053	not_in_LINE1_copy	intron:ENSG00000187672.12:ERC2	0/1
chr3	59867163	59867163	59867177	14	15	14	32	45	15	0	49.495	67.06	15	14	32	45	15	0	5965:6006	5129:5162	5172:5613	5464:6013	not_transduction	0	0	0	32	0	45	0	Not-5prime-inversion	two_side_tprt_both	both_end_consistent	hit_end_of_consensus	15	13	15	14	236	117	0	34:65:55:59:55:29:58:40:11:37:24:7:20:70:60	0	32	45	0	877	not_in_LINE1_copy	intron:ENSG00000189283.9:FHIT	0/1
chr3	82660969	82660969	82660986	17	13	6	29	43	12	8	61.655	56.2	13	6	29	43	-12	-8	4545:4604	6043:6059	5592:6068	4604:5510	not_transduction	0	0	0	1	28	3	40	Not-5prime-inversion	two_side_tprt_both	both_end_consistent	hit_end_of_consensus	13	24	16	11	94	134	0	10:26:13:37:23:62:23:28:42:54:66:72:49	0	29	43	0	1514	Fall_in_LINE1_copy_9.2	not_gene_region	0/1
chr3	84544122	84544122	84544137	15	19	12	29	42	0	12	65.055	77.24	19	12	29	42	0	-12	5156:5189	6015:6027	5488:6091	5013:5537	not_transduction	0	0	0	0	29	21	21	5-prime-inversion	two_side_tprt_both	both_end_consistent	hit_end_of_consensus	21	32	22	14	92	162	0	70:17:39:40:26:19:24:13:36:34:43:6:41:35:28:7:15:33:35:60:12	1	28	42	0	871	Fall_in_LINE1_copy_17.3	not_gene_region	0/1
chr3	86215792	86215792	86215800	8	16	9	36	40	0	9	58.99	67.82	16	9	36	40	0	-9	5259:5316	6051:6081	5449:6059	4787:5308	not_transduction	0	0	0	0	36	40	0	5-prime-inversion	two_side_tprt_both	one_end_consistent	hit_end_of_consensus	16	27	18	11	98	145	1	50:37:33:47:3:13:22:55:51:24:20:59:63:58:62:62	0	36	40	0	822	not_in_LINE1_copy	not_gene_region	0/1
chr3	88973196	88973180	88973196	16	15	17	29	35	0	17	70.545	58.23	15	17	29	35	0	-17	4271:4318	6003:6039	5428:6033	3789:4303	not_transduction	0	0	0	0	29	35	0	5-prime-inversion	two_side_tprt_both	both_end_consistent	hit_end_of_consensus	24	17	16	25	82	113	0	2:3:3:4:9:11:16:18:21:21:22:22:25:32:40:40:41:50:59:77:78:83:97:98	0	29	35	0	1768	Left_is_LINE1_copy_3.3	not_gene_region	0/1
chr3	90479397	90479387	90479397	10	4	12	31	13	4	0	77.62	81.32	4	12	31	13	4	0	6026:6042	4746:4797	4819:5791	5763:6053	not_transduction	0	0	0	31	0	13	0	Not-5prime-inversion	two_side_tprt_both	both_end_consistent	hit_end_of_consensus	15	7	26	22	273	145	2	3:5:11:14:15:16:22:28:38:6:41:45:46:60:62	1	30	13	0	1296	not_in_LINE1_copy	not_gene_region	0/1
chr3	123871876	123871865	123871876	11	10	12	27	51	10	0	66.445	70.61	10	12	27	51	10	0	5976:6008	17:72	75:407	5595:6073	not_transduction	0	0	0	27	0	51	0	Not-5prime-inversion	two_side_tprt_both	one_end_consistent	hit_end_of_consensus	13	15	14	14	93	145	0	20:17:21:4:36:21:43:23:67:68:87:94:56	0	27	51	0	5991	Fall_in_LINE1_copy_22.0	intron:ENSG00000065534.18:MYLK	0/1
chr4	10631054	10631054	10631068	14	10	6	32	30	0	6	59.42	54.6	10	6	32	30	0	-6	55:72	6017:6019	5177:6043	74:607	not_transduction	0	0	0	0	32	0	30	Not-5prime-inversion	two_side_tprt_both	both_end_consistent	hit_end_of_consensus	10	25	10	9	78	128	0	57:13:60:23:74:72:29:13:59:66	1	31	30	0	5964	not_in_LINE1_copy	intron:ENSG00000109684.14:CLNK	0/1
chr4	18161056	18161056	18161066	10	11	4	21	39	0	4	44.505	58.11	11	4	21	39	0	-4	4466:4499	5988:5995	5508:5968	3987:4464	not_transduction	0	0	0	0	21	39	0	5-prime-inversion	two_side_tprt_both	both_end_consistent	hit_end_of_consensus	13	17	15	8	88	84	0	64:5:11:19:35:44:5:21:25:22:29:67:72	0	21	39	0	1529	not_in_LINE1_copy	not_gene_region	0/1
chr4	47005772	47005772	47005768	4	34	15	41	58	0	15	48.28	71.58	34	15	41	58	0	-15	5626:5686	5972:6019	5689:6027	5689:6018	not_transduction	0	0	0	0	41	0	58	Not-5prime-inversion	two_side_tprt_both	both_end_consistent	hit_end_of_consensus	40	2	40	27	151	23	0	38:56:38:51:58:62:45:13:52:44:65:58:9:70:44:6:53:7:45:62:30:67:54:55:11:28:8:2:17:6:65:66:71:57:22:60:46:57:65:46	0	41	58	0	393	not_in_LINE1_copy	intron:ENSG00000163288.13:GABRB1	0/1
chr4	58051348	58051348	58051363	15	39	10	45	62	0	10	45.795	63.785	39	10	45	62	0	-10	4983:5044	6015:6019	5070:6064	5044:5620	not_transduction	0	0	0	0	45	0	62	Not-5prime-inversion	two_side_tprt_both	both_end_consistent	hit_end_of_consensus	44	0	44	18	157	37	0	64:65:45:72:20:26:12:34:28:39:50:69:23:56:70:40:69:13:61:32:4:56:11:48:24:20:63:32:50:41:9:4:26:7:7:27:44:66:68:71:53:47:49:55	0	45	62	0	1036	not_in_LINE1_copy	not_gene_region	0/1
chr4	58756285	58756275	58756285	10	9	17	50	20	9	0	77.315	62.985	9	17	50	20	9	0	6041:6063	5273:5329	5334:5807	5549:6045	not_transduction	0	0	0	50	0	20	0	Not-5prime-inversion	two_side_tprt_both	both_end_consistent	hit_end_of_consensus	20	18	12	20	92	191	0	3:10:15:16:17:29:32:32:40:41:41:41:44:46:52:55:63:66:90:49	0	50	20	0	790	not_in_LINE1_copy	not_gene_region	0/1
chr4	65548214	65548212	65548214	2	13	18	21	4	14	1	69.345	52.31	13	18	21	4	14	1	6083:6096	5785:5837	5847:6012	6041:6097	not_transduction	0	0	0	21	0	2	2	Not-5prime-inversion	two_side_tprt_both	one_end_consistent	hit_end_of_consensus	25	2	26	26	164	9	0	14:17:9:19:17:39:92:26:85:51:44:83:69:106:47:82:89:84:10:8:9:25:8:4:55	0	21	4	0	311	Fall_in_LINE1_copy_30.6	intron:ENSG00000145242.13:EPHA5	0/1
chr4	70227595	70227583	70227595	12	13	20	32	26	13	0	95.725	85.665	13	20	32	26	13	0	6040:6056	5334:5392	5280:6000	5280:6019	not_transduction	0	0	0	14	18	13	13	5-prime-inversion	two_side_tprt_both	both_end_consistent	hit_end_of_consensus	21	15	21	24	86	211	0	4:11:11:12:13:21:24:25:25:27:31:37:48:51:52:55:62:63:64:69:69	0	32	26	0	722	not_in_LINE1_copy	intron:ENSG00000181617.5:FDCSP	0/1
chr4	85686803	85686796	85686803	7	4	12	42	28	5	0	75.895	51.79	4	12	42	28	5	0	5990:5990	5613:5655	5664:6024	5664:6031	not_transduction	0	0	0	42	0	28	0	Not-5prime-inversion	two_side_tprt_both	both_end_consistent	hit_end_of_consensus	17	14	5	17	94	145	0	2:3:3:4:4:22:27:30:32:40:42:45:46:51:59:64:64	2	40	28	0	377	not_in_LINE1_copy	intron:ENSG00000138639.17:ARHGAP24	0/1
chr4	102422595	102422588	102422595	7	3	14	39	15	3	0	56.835	49.54	3	14	39	15	3	0	6036:6046	4213:4248	4277:4916	5466:6031	not_transduction	0	0	0	39	0	15	0	Not-5prime-inversion	two_side_tprt_both	both_end_consistent	hit_end_of_consensus	16	13	10	18	80	116	0	6:8:10:17:24:25:37:37:38:41:43:44:45:62:63:69	0	39	15	0	1833	not_in_LINE1_copy	intron:ENSG00000138821.12:SLC39A8/intron:ENSG00000248161.5:RP11-499E18.1	0/1
chr4	109327159	109327159	109327176	17	10	2	16	27	0	2	55.215	67.255	10	2	16	27	0	-2	10:25	6017:6019	5553:6091	74:803	not_transduction	0	0	0	0	16	0	27	Not-5prime-inversion	two_side_tprt_both	both_end_consistent	hit_end_of_consensus	10	23	10	3	59	141	0	69:69:11:61:12:15:14:26:68:48	0	16	27	0	6009	Right_is_LINE1_copy_22.2	not_gene_region	0/1
chr4	111707803	111707803	111707817	14	12	10	36	32	12	0	67.305	79.825	12	10	36	32	12	0	5998:6017	19:68	80:520	5185:6052	not_transduction	0	0	0	36	0	32	0	Not-5prime-inversion	two_side_tprt_both	both_end_consistent	hit_end_of_consensus	17	34	17	12	95	160	0	14:19:3:7:20:38:38:2:3:58:83:53:45:98:36:30:35	1	35	32	0	5998	not_in_LINE1_copy	not_gene_region	0/1
chr4	119796374	119796374	119796389	15	19	15	54	39	0	15	48.585	47.18	19	15	54	39	0	-15	5594:5655	6013:6056	5547:6065	5547:5977	not_transduction	0	0	0	3	51	19	20	Not-5prime-inversion	two_side_tprt_both	both_end_consistent	hit_end_of_consensus	23	2	25	20	196	25	0	10:67:66:31:19:4:62:43:32:4:26:39:8:12:37:6:10:27:30:65:71:48:49	1	53	39	0	462	not_in_LINE1_copy	not_gene_region	0/1
chr4	131260492	131260492	131260507	15	10	7	18	24	0	7	56.965	63.24	10	7	18	24	0	-7	23:50	6018:6028	5404:6035	74:508	not_transduction	0	0	0	0	18	0	24	Not-5prime-inversion	two_side_tprt_both	both_end_consistent	hit_end_of_consensus	14	24	14	9	66	120	0	37:3:38:25:4:53:24:8:10:26:10:25:51:48	0	18	24	0	6005	not_in_LINE1_copy	not_gene_region	0/1
chr4	133675272	133675272	133675268	4	24	19	54	60	24	0	54.155	65.535	24	19	54	60	24	0	5961:6022	5631:5691	5691:6016	5692:6096	not_transduction	0	0	0	54	0	60	0	Not-5prime-inversion	two_side_tprt_both	one_end_consistent	hit_end_of_consensus	26	1	29	24	152	18	0	16:5:10:42:30:22:11:9:16:12:32:121:72:56:75:55:25:44:24:34:43:9:60:44:34:47	1	53	60	0	391	not_in_LINE1_copy	not_gene_region	0/1
chr4	137256170	137256170	137256180	10	25	16	78	78	26	0	46.78	69.495	25	16	78	78	26	0	5978:6033	4530:4589	4586:5493	5485:6002	not_transduction	0	0	0	78	0	78	0	Not-5prime-inversion	two_side_tprt_both	both_end_consistent	hit_end_of_consensus	28	3	30	16	189	12	0	46:47:18:18:2:24:45:37:51:2:17:37:58:12:11:40:29:12:12:23:9:12:24:59:27:87:78:13	1	77	78	0	1503	not_in_LINE1_copy	not_gene_region	0/1
chr5	1645658	1645659	1645658	1	3	16	28	17	3	0	49.945	54.765	3	16	28	17	3	0	6014:6043	5230:5282	5287:5708	5721:6093	not_transduction	0	0	0	28	0	17	0	Not-5prime-inversion	two_side_tprt_both	both_end_consistent	hit_end_of_consensus	15	8	6	17	69	122	0	17:17:18:21:22:28:40:46:48:56:56:61:65:69:69	0	28	16	1	813	Right_is_LINE1_copy_4.2	not_gene_region	0/1
chr5	11391164	11391150	11391164	14	6	9	10	23	6	0	61.16	71.9	6	9	10	23	6	0	6017:6018	5817:5860	5919:6049	5610:6093	not_transduction	0	0	0	10	0	22	1	Not-5prime-inversion	two_side_tprt_both	both_end_consistent	hit_end_of_consensus	11	21	12	11	54	171	0	2:5:25:30:38:41:45:50:51:53:68	0	10	23	0	201	not_in_LINE1_copy	intron:ENSG00000169862.18:CTNND2	0/1
chr5	33633229	33633229	33633243	14	25	24	69	82	0	24	75.105	56.885	25	24	69	82	0	-24	5567:5623	6052:6083	5715:6044	4748:5612	not_transduction	0	0	0	10	59	82	0	5-prime-inversion	two_side_tprt_both	one_end_consistent	hit_end_of_consensus	33	0	31	35	198	30	0	4:4:5:6:6:7:7:8:8:9:11:14:15:15:17:22:23:28:28:33:34:35:35:39:42:43:44:46:46:49:53:56:65	0	69	82	0	516	not_in_LINE1_copy	intron:ENSG00000151388.10:ADAMTS12	1/1
chr5	84943856	84943856	-1	-1	30	0	66	89	0	0	35.605	77.88	30	0	66	89	0	0	5291:5351	-1:-1	5398:6084	5353:5952	not_transduction	0	0	0	0	66	0	89	Not-5prime-inversion	one_half_side	one_end_consistent	hit_end_of_consensus	31	1	31	16	197	8	0	40:62:59:49:18:59:27:42:48:49:32:38:33:34:14:33:19:33:7:10:30:30:13:70:63:66:47:62:51:64:53	1	65	89	0	554	Left_is_LINE1_copy_17.2	not_gene_region	0/1
chr5	90154952	90154952	90154962	10	24	22	54	68	24	0	59.535	66.27	24	22	54	68	24	0	6017:6070	15:72	74:711	5435:6092	not_transduction	0	0	0	54	0	68	0	Not-5prime-inversion	two_side_tprt_both	one_end_consistent	hit_end_of_consensus	27	0	30	28	161	11	0	2:5:6:7:16:18:18:19:21:21:22:28:30:36:37:39:40:45:54:55:59:63:67:71:72:73:61	0	54	68	0	6055	not_in_LINE1_copy	not_gene_region	1/1
chr5	110144568	110144556	110144568	12	25	29	80	67	0	29	71.75	64.58	25	29	80	67	0	-29	11:71	5988:6074	5219:6037	76:662	not_transduction	0	0	0	0	80	0	67	Not-5prime-inversion	two_side_tprt_both	both_end_consistent	hit_end_of_consensus	40	0	29	43	180	14	0	6:9:11:11:11:13:15:17:18:19:20:19:20:23:23:25:27:28:33:35:37:39:43:44:45:45:46:48:57:58:59:65:69:72:74:75:78:82:84:87	3	77	67	0	6063	Left_is_LINE1_copy_6.1	not_gene_region	1/1
chr5	125704347	125704347	125704352	5	15	13	47	41	15	0	75.695	81.77	15	13	47	41	15	0	6086:6095	5220:5276	5281:5758	5456:6093	not_transduction	0	0	0	47	0	41	0	Not-5prime-inversion	two_side_tprt_both	both_end_consistent	hit_end_of_consensus	20	29	20	16	104	183	0	34:13:24:13:8:14:15:22:30:29:27:23:33:24:87:99:53:83:88:36	0	47	41	0	875	Fall_in_LINE1_copy_23.4	not_gene_region	0/1
chr5	156192868	156192857	156192868	11	5	14	50	31	5	0	63.345	54.605	5	14	50	31	5	0	6042:6046	4647:4697	3976:4676	5334:6026	not_transduction	0	0	0	0	50	31	0	5-prime-inversion	two_side_tprt_both	both_end_consistent	hit_end_of_consensus	15	16	9	15	98	140	0	7:13:15:17:22:27:37:45:46:54:55:56:58:60:63	0	50	31	0	1399	Left_is_LINE1_copy_11.2	intron:ENSG00000170624.13:SGCD	0/1
chr5	161008657	161008657	161008673	16	6	6	9	40	0	6	58.495	65.335	6	6	9	40	0	-6	5518:5535	6018:6028	5782:5995	5619:5984	not_transduction	0	0	0	0	9	0	40	Not-5prime-inversion	two_side_tprt_both	both_end_consistent	hit_end_of_consensus	11	27	11	10	88	132	0	40:84:59:84:6:23:84:12:55:73:51	0	9	40	0	510	Left_is_LINE1_copy_26.0	not_gene_region	0/1
chr6	13190801	13190783	13190801	18	10	11	23	39	10	0	51.85	66.665	10	11	23	39	10	0	6038:6046	30:70	75:579	5353:6021	chr17:66641176-66641176~0~66641176-66641436	21	34	10	23	0	39	0	Not-5prime-inversion	two_side_tprt_both	one_end_consistent	hit_end_of_consensus	15	18	15	13	97	107	0	10:13:15:8:4:3:6:75:45:5:61:14:16:15:42	0	23	39	0	5975	not_in_LINE1_copy	intron:ENSG00000112137.17:PHACTR1	0/1
chr6	13502803	13502803	13502817	14	23	10	39	30	23	0	70.585	71.67	23	10	39	30	23	0	5969:6052	24:65	77:621	5441:6002	not_transduction	0	0	0	39	0	30	0	Not-5prime-inversion	two_side_tprt_both	both_end_consistent	hit_end_of_consensus	31	28	33	18	119	138	12	13:25:12:24:16:58:16:12:29:39:36:11:36:12:22:36:53:21:41:26:55:37:49:73:66:95:52:70:79:70:79	0	39	30	0	6028	Left_is_LINE1_copy_24.9	not_gene_region	0/1
chr6	16950725	16950725	-1	-1	9	0	33	33	0	0	53.94	72.9	9	0	33	33	0	0	5415:5458	-1:-1	5554:6043	5475:5806	not_transduction	0	0	0	0	33	0	33	Not-5prime-inversion	one_half_side	one_end_consistent	hit_end_of_consensus	10	36	12	2	121	172	0	56:47:35:39:36:16:9:13:45:30	0	33	33	0	252	not_in_LINE1_copy	not_gene_region	0/1
chr6	32645670	-1	32645670	-1	0	3	18	31	0	3	60.93	86.28	0	3	18	31	0	-3	-1:-1	5988:5989	5220:5867	4222:4661	not_transduction	0	0	0	1	17	28	3	5-prime-inversion	one_half_side_tprt	one_end_consistent	hit_end_of_consensus	22	25	31	17	112	134	16	40:7:64:3:59:7:47:63:45:39:40:7:55:45:45:38:61:4:9:23:63:37	3	15	31	0	1645	not_in_LINE1_copy	exon:ENST00000460633.1:3:HLA-DQA1	0/1
chr6	77270932	77270932	77270921	11	31	17	84	98	0	17	62.455	62.205	31	17	84	98	0	-17	5237:5296	5963:6022	5394:6046	5295:5812	not_transduction	0	0	0	0	84	0	98	Not-5prime-inversion	two_side_tprt_both	both_end_consistent	hit_end_of_consensus	34	0	34	27	227	7	1	63:11:27:33:9:5:40:40:15:46:50:57:60:69:26:41:15:26:37:42:20:20:21:23:4:23:13:62:62:64:70:51:46:65	0	84	98	0	785	not_in_LINE1_copy	not_gene_region	1/1
chr6	101835883	101835883	101835896	13	14	3	9	34	0	3	44.34	63.995	14	3	9	34	0	-3	4928:4969	6019:6023	5701:5984	4989:5498	not_transduction	0	0	0	0	9	0	34	Not-5prime-inversion	two_side_tprt_both	both_end_consistent	hit_end_of_consensus	18	18	18	4	88	108	2	38:48:71:51:31:9:7:10:34:13:2:35:43:9:16:72:69:51	0	9	34	0	1095	Fall_in_LINE1_copy_27.2	intron:ENSG00000164418.19:GRIK2	0/1
chr6	123532801	123532792	123532801	9	5	10	24	25	0	10	63.55	52.855	5	10	24	25	0	-10	16:18	6038:6052	5346:6049	75:570	not_transduction	0	0	0	0	24	0	25	Not-5prime-inversion	two_side_tprt_both	both_end_consistent	hit_end_of_consensus	11	13	7	12	60	151	0	5:7:12:12:12:13:23:29:35:54:80	0	24	25	0	6036	not_in_LINE1_copy	intron:ENSG00000186439.12:TRDN	0/1
chr6	147874672	147874652	147874672	20	8	15	46	27	8	0	64.34	54.17	8	15	46	27	8	0	6005:6018	3421:3481	3484:4028	5620:5991	not_transduction	0	0	0	46	0	27	0	Not-5prime-inversion	two_side_tprt_both	both_end_consistent	hit_end_of_consensus	15	9	10	15	86	127	0	11:18:21:22:25:35:42:46:47:49:60:61:66:66:71	0	46	27	0	2597	not_in_LINE1_copy	intron:ENSG00000227681.5:RP11-307P5.1	0/1
chr6	161760236	161760224	161760236	12	7	11	42	27	7	0	72.6	57.64	7	11	42	27	7	0	6019:6022	14:23	2178:2743	5549:6064	not_transduction	0	0	0	42	0	27	0	Not-5prime-inversion	two_side_tprt_both	one_end_consistent	hit_end_of_consensus	19	17	9	20	94	136	1	10:15:18:23:27:27:31:34:36:39:49:57:61:62:72:76:78:79:80	0	42	27	0	6008	not_in_LINE1_copy	intron:ENSG00000185345.19:PARK2	0/1
chr7	52721778	52721752	52721778	26	4	15	7	28	2	0	53.15	64.44	4	15	7	28	2	0	6021:6025	5747:5788	5807:5952	5807:6079	not_transduction	0	0	0	7	0	28	0	Not-5prime-inversion	two_side_tprt_both	one_end_consistent	hit_end_of_consensus	15	26	16	15	60	130	0	4:57:60:95:37:20:17:18:35:72:33:75:79:38:90	0	7	28	0	278	not_in_LINE1_copy	not_gene_region	0/1
chr7	60958830	60958813	60958830	17	7	14	31	11	7	0	100.185	63.635	7	14	31	11	7	0	6069:6097	5177:5224	4655:5167	5523:5959	not_transduction	0	0	0	0	31	11	0	5-prime-inversion	two_side_tprt_both	both_end_consistent	hit_end_of_consensus	18	11	9	19	106	191	0	2:3:7:10:10:11:16:20:27:27:27:30:35:36:43:55:57:64	0	31	11	0	920	not_in_LINE1_copy	not_gene_region	0/1
chr7	63032569	63032551	63032569	18	7	16	45	18	7	0	69.765	55.335	7	16	45	18	7	0	6035:6048	4389:4446	3625:4434	5590:6046	not_transduction	0	0	0	0	45	18	0	5-prime-inversion	two_side_tprt_both	both_end_consistent	hit_end_of_consensus	16	13	11	18	91	110	0	10:17:22:22:26:32:36:38:38:44:49:57:59:62:63:67	0	45	18	0	1659	Fall_in_LINE1_copy_24.6	not_gene_region	0/1
chr7	70723703	70723689	70723703	14	7	8	25	14	0	8	51.715	61.595	7	8	25	14	0	-8	5685:5691	5983:6031	5744:6056	5764:5987	not_transduction	0	0	0	0	25	0	14	Not-5prime-inversion	two_side_tprt_both	both_end_consistent	hit_end_of_consensus	13	9	13	17	72	134	0	9:13:15:33:35:43:45:48:52:60:67:76:89	0	25	14	0	346	not_in_LINE1_copy	intron:ENSG00000158321.16:AUTS2	0/1
chr7	85272407	85272407	85272409	2	12	6	11	7	0	6	50.66	66.535	12	6	11	7	0	-6	5814:5841	5987:5995	5865:5989	5871:6014	not_transduction	0	0	0	0	11	0	7	Not-5prime-inversion	two_side_tprt_both	both_end_consistent	hit_end_of_consensus	12	26	12	8	30	146	0	36:45:33:29:49:48:49:22:41:40:34:44	0	11	7	0	181	not_in_LINE1_copy	not_gene_region	0/1
chr7	108188804	108188804	108188819	15	32	19	58	65	32	0	49.65	68.22	32	19	58	65	32	0	6045:6073	18:73	76:673	5408:6010	not_transduction	0	0	0	58	0	65	0	Not-5prime-inversion	two_side_tprt_both	both_end_consistent	hit_end_of_consensus	35	0	36	23	149	21	15	63:21:33:32:25:68:21:31:38:10:16:64:42:21:30:5:38:36:30:20:54:67:20:38:24:40:15:27:30:30:11:10:56:67:64	0	58	65	0	6055	not_in_LINE1_copy	intron:ENSG00000091129.19:NRCAM	1/1
chr7	108685234	108685216	108685234	18	3	8	35	34	3	0	55.015	80.455	3	8	35	34	3	0	5996:5996	4896:4923	4771:5276	5587:5993	not_transduction	0	0	0	14	21	34	0	5-prime-inversion	two_side_tprt_both	both_end_consistent	hit_end_of_consensus	22	0	19	28	100	125	0	3:2:6:9:11:21:23:27:29:36:48:51:45:53:54:63:70:71:78:90:92:96	0	35	34	0	1100	not_in_LINE1_copy	not_gene_region	0/1
chr7	146725666	146725666	146725682	16	6	2	20	14	0	2	50.825	43.035	6	2	20	14	0	-2	5828:5838	6017:6019	5620:6094	5679:5947	not_transduction	0	0	0	11	9	12	2	Not-5prime-inversion	two_side_tprt_both	both_end_consistent	hit_end_of_consensus	6	19	6	3	61	119	0	18:28:20:24:44:68	0	20	14	0	191	not_in_LINE1_copy	intron:ENSG00000174469.20:CNTNAP2	0/1
chr8	5971765	5971765	5971760	5	17	13	67	75	0	13	60.735	54.915	17	13	67	75	0	-13	5436:5495	5976:6006	5497:6013	5497:5980	not_transduction	0	0	0	0	67	0	75	Not-5prime-inversion	two_side_tprt_both	one_end_consistent	hit_end_of_consensus	20	0	19	21	203	17	20	2:5:5:6:20:21:21:22:31:34:36:36:40:43:52:57:60:61:71:98	0	67	75	0	570	not_in_LINE1_copy	not_gene_region	1/1
chr8	66469648	66469649	66469648	1	6	9	19	20	0	8	67.26	66.66	6	9	19	20	0	-8	5860:5890	5979:5989	5895:6006	5902:6010	not_transduction	0	0	0	0	19	0	20	Not-5prime-inversion	two_side_tprt_both	both_end_consistent	hit_end_of_consensus	16	18	9	18	59	149	6	5:6:12:21:23:48:49:54:61:64:68:69:70:72:75:78	0	19	20	0	129	not_in_LINE1_copy	intron:ENSG00000169085.11:C8orf46/intron:ENSG00000147576.15:ADHFE1	0/1
chr8	70840401	70840401	70840414	13	17	5	20	26	0	5	57.92	70.8	17	5	20	26	0	-5	11:51	6015:6028	5563:6080	84:433	not_transduction	0	0	0	0	20	0	26	Not-5prime-inversion	two_side_tprt_both	both_end_consistent	hit_end_of_consensus	19	31	20	6	60	148	0	50:46:13:44:72:5:4:28:10:48:17:38:30:13:38:15:15:45:67	0	20	26	0	6017	not_in_LINE1_copy	not_gene_region	0/1
chr8	71487001	71486985	71487001	16	26	29	66	55	0	29	65.76	62.665	26	29	66	55	0	-29	15:71	5974:6032	5418:6017	78:732	not_transduction	0	0	0	1	65	0	55	Not-5prime-inversion	two_side_tprt_both	both_end_consistent	hit_end_of_consensus	37	0	32	38	157	23	0	2:13:13:13:15:15:18:18:18:20:22:24:24:26:26:27:28:30:31:34:36:38:41:42:42:43:45:52:53:57:58:58:58:59:61:61:102	1	65	55	0	6017	not_in_LINE1_copy	intron:ENSG00000104313.18:EYA1	1/1
chr8	86302811	86302814	86302811	3	11	18	7	8	11	0	53.69	44.435	11	18	7	8	11	0	6009:6028	5972:5996	5999:6019	5998:6019	not_transduction	0	0	0	7	0	8	0	Not-5prime-inversion	two_side_tprt_both	both_end_consistent	hit_end_of_consensus	19	0	13	19	61	79	0	6:15:16:17:17:44:45:48:49:49:51:52:53:53:54:58:63:64:68	0	7	8	0	56	not_in_LINE1_copy	intron:ENSG00000164893.8:SLC7A13	0/1
chr8	114776335	114776335	114776351	16	12	8	44	41	0	8	86.725	70.13	12	8	44	41	0	-8	3893:3930	5976:6012	5381:6015	3954:4683	not_transduction	0	0	0	0	44	0	41	Not-5prime-inversion	two_side_tprt_both	both_end_consistent	hit_end_of_consensus	13	32	14	11	102	184	0	29:44:48:39:31:17:43:44:44:21:4:11:71	0	44	41	0	2119	Right_is_LINE1_copy_16.0	not_gene_region	0/1
chr8	114869552	114869540	114869552	12	8	15	21	22	8	0	57.105	59.46	8	15	21	22	8	0	6017:6039	5768:5825	5828:6039	5828:6059	not_transduction	0	0	0	21	0	22	0	Not-5prime-inversion	two_side_tprt_both	both_end_consistent	hit_end_of_consensus	17	15	9	18	71	147	0	8:11:25:27:28:28:29:34:30:37:39:50:53:54:66:66:68	0	21	22	0	271	not_in_LINE1_copy	not_gene_region	0/1
chr8	118709449	118709449	118709464	15	18	3	17	45	0	3	56.195	73.46	18	3	17	45	0	-3	5550:5609	6019:6019	5693:6059	5168:5693	not_transduction	0	0	0	0	17	43	2	5-prime-inversion	two_side_tprt_both	both_end_consistent	hit_end_of_consensus	23	22	23	7	95	123	0	5:12:69:7:46:66:57:3:22:21:10:33:59:52:18:22:23:3:17:7:69:53:66	0	17	45	0	469	not_in_LINE1_copy	intron:ENSG00000281641.2:SAMD12-AS1	0/1
chr8	130028989	130028972	130028989	17	7	33	69	60	7	33	66.53	49.775	7	33	69	60	7	33	6031:6042	4546:4605	4601:5203	5276:6021	not_transduction	0	0	0	69	0	60	0	Not-5prime-inversion	polyA_dominant_both-side_may_low_confident	both_end_consistent	hit_end_of_consensus	35	0	10	36	174	27	0	3:5:13:16:16:17:18:19:23:23:25:26:26:27:27:27:28:32:34:34:35:37:44:46:51:51:57:58:59:60:66:67:68:71:72	1	68	60	0	1496	not_in_LINE1_copy	not_gene_region	1/1
chr9	10163189	10163173	10163189	16	13	14	34	30	13	0	67.98	62.43	13	14	34	30	13	0	5975:6011	5780:5840	5609:5993	5607:6027	not_transduction	0	0	0	7	27	11	19	Not-5prime-inversion	two_side_tprt_both	both_end_consistent	hit_end_of_consensus	19	17	14	19	88	159	0	7:7:8:9:9:11:12:21:23:24:32:36:47:54:62:66:66:70:71	0	34	30	0	231	not_in_LINE1_copy	intron:ENSG00000153707.16:PTPRD	0/1
chr9	32463896	32463896	32463888	8	28	21	32	20	0	21	52.105	54.4	28	21	32	20	0	-21	5873:5932	5981:6048	5935:6028	5138:6008	not_transduction	0	0	0	0	32	0	20	Not-5prime-inversion	two_side_tprt_both	both_end_consistent	hit_end_of_consensus	29	3	31	30	83	70	0	37:18:15:11:41:28:59:15:38:12:61:50:59:61:54:42:34:29:17:10:41:25:2:38:69:21:62:60:43	0	32	20	0	175	not_in_LINE1_copy	intron:ENSG00000107201.9:DDX58	0/1
chr9	41047841	41047841	41047840	1	6	5	35	27	6	5	134.34	98.815	6	5	35	27	-6	-5	5267:5281	6056:6059	5530:5982	5327:5673	not_transduction	0	0	0	0	35	0	27	Not-5prime-inversion	two_side_tprt_both	one_end_consistent	hit_end_of_consensus	24	27	16	25	157	267	0	5:7:7:10:14:17:22:24:27:28:29:34:41:47:47:47:50:57:60:67:68:69:70:70	0	35	27	0	792	not_in_LINE1_copy	intron:ENSG00000276291.5:FRG1HP/intron:ENSG00000277778.2:PGM5P2	0/1
chr9	72289997	72289997	72290005	8	12	11	37	26	0	11	66.825	54.155	12	11	37	26	0	-11	47:68	5996:6006	5456:6032	77:626	not_transduction	0	0	0	0	37	0	26	Not-5prime-inversion	two_side_tprt_both	one_end_consistent	hit_end_of_consensus	16	14	14	17	86	143	0	4:7:8:9:9:16:20:20:51:52:53:57:62:69:69:75	0	37	26	0	5959	not_in_LINE1_copy	not_gene_region	0/1
chr9	102311387	102311371	102311387	16	2	10	53	14	2	0	76.73	46.425	2	10	53	14	2	0	6035:6039	3235:3289	2532:3276	5610:6038	not_transduction	0	0	0	0	53	14	0	5-prime-inversion	two_side_tprt_both	both_end_consistent	hit_end_of_consensus	13	11	4	13	85	147	0	8:8:11:19:22:23:29:31:38:47:59:67:73	0	53	14	0	2804	not_in_LINE1_copy	not_gene_region	0/1
chr9	115321587	115321587	115321601	14	11	11	49	41	0	11	73.15	75.835	11	11	49	41	0	-11	5111:5140	6016:6044	5301:6067	5030:5733	not_transduction	0	0	0	0	49	19	22	Not-5prime-inversion	two_side_tprt_both	one_end_consistent	hit_end_of_consensus	20	7	13	26	121	150	13	2:3:3:7:9:11:19:20:21:30:31:39:48:61:66:66:87:91:92:96	1	48	41	0	933	Fall_in_LINE1_copy_22.0	intron:ENSG00000173077.14:DEC1	0/1
chr10	18927722	18927722	18927737	15	12	10	38	38	12	0	71.895	82.68	12	10	38	38	12	0	5997:6048	5517:5553	5256:5639	5256:6034	not_transduction	0	0	0	2	36	33	5	5-prime-inversion	two_side_tprt_both	both_end_consistent	hit_end_of_consensus	17	28	17	11	95	172	0	16:6:21:7:80:44:40:12:29:28:35:35:71:88:64:92:48	0	38	38	0	531	not_in_LINE1_copy	not_gene_region	0/1
chr10	23553112	23553112	23553129	17	11	6	28	35	0	1	62.36	62.535	11	6	28	35	0	-1	2662:2706	5980:5991	5330:6035	2722:3127	not_transduction	0	0	0	0	28	0	35	Not-5prime-inversion	two_side_tprt_both	one_end_consistent	hit_end_of_consensus	17	10	13	19	86	171	0	9:10:13:15:19:23:28:29:37:52:59:63:68:78:88:89:105	0	28	35	0	3329	Right_is_LINE1_copy_27.8	not_gene_region	0/1
chr10	25418757	25418757	25418771	14	14	6	35	23	0	6	79.43	75.88	14	6	35	23	0	-6	52:71	6000:6017	5389:6009	77:589	not_transduction	0	0	0	0	35	0	23	Not-5prime-inversion	two_side_tprt_both	both_end_consistent	hit_end_of_consensus	16	27	16	10	80	202	0	68:9:61:62:73:34:60:59:54:54:11:12:15:19:17:63	0	35	23	0	5965	Right_is_LINE1_copy_18.3	intron:ENSG00000151025.9:GPR158	0/1
chr10	110417995	110417995	-1	-1	32	0	2	102	0	0	57.425	119.225	32	0	2	102	0	0	5498:5555	-1:-1	5067:5067	4967:5983	not_transduction	0	0	0	2	0	101	1	Not-5prime-inversion	one_half_side	one_end_consistent	hit_end_of_consensus	35	39	39	2	177	211	0	63:21:53:49:44:30:16:24:35:19:18:18:15:4:24:55:27:61:48:53:57:41:54:51:42:32:4:13:4:10:56:59:51:67:48	2	0	56	46	916	not_in_LINE1_copy	not_gene_region	0/1
chr11	26396994	26396993	26396994	1	8	12	49	36	8	0	79.02	73.175	8	12	49	36	8	0	6010:6037	5239:5298	4948:5781	5357:6039	not_transduction	0	0	0	49	0	36	0	Not-5prime-inversion	two_side_tprt_both	both_end_consistent	hit_end_of_consensus	18	8	12	43	139	144	1	2:4:4:5:5:9:14:19:25:32:33:34:43:46:50:61:71:73	4	45	36	0	798	Left_is_LINE1_copy_6.7	intron:ENSG00000134343.12:ANO3	0/1
chr11	33648576	33648576	33648592	16	31	12	44	37	31	0	71.185	68.825	31	12	44	37	31	0	6044:6078	4771:4825	4503:4955	5540:6057	not_transduction	0	0	0	4	40	37	0	5-prime-inversion	two_side_tprt_both	both_end_consistent	hit_end_of_consensus	31	19	32	13	118	116	0	93:86:92:55:81:53:62:65:43:64:90:15:64:35:69:31:33:42:10:79:84:86:24:25:45:19:31:63:94:38:56	1	43	37	0	1307	not_in_LINE1_copy	intron:ENSG00000110427.15:KIAA1549L	0/1
chr11	41810246	41810246	41810260	14	20	18	58	80	0	18	66.81	82.885	20	18	58	80	0	-18	5474:5525	5977:6020	5618:6011	4954:5508	not_transduction	0	0	0	3	55	80	0	5-prime-inversion	two_side_tprt_both	both_end_consistent	hit_end_of_consensus	36	1	37	27	183	34	7	45:7:4:9:31:42:44:12:10:5:16:59:15:13:27:57:6:26:59:38:6:11:46:36:25:18:6:9:6:69:58:68:58:59:58:58	0	58	80	0	546	not_in_LINE1_copy	intron:ENSG00000255171.5:RP11-375D13.2	0/1
chr11	48734299	48734294	48734299	5	5	17	32	37	5	0	45.435	33.59	5	17	32	37	5	0	6034:6050	5710:5767	5764:5991	5768:6043	not_transduction	0	0	0	32	0	37	0	Not-5prime-inversion	two_side_tprt_both	both_end_consistent	hit_end_of_consensus	18	0	9	18	106	36	0	9:11:13:14:17:18:25:25:27:28:33:34:39:40:48:51:58:68	0	32	37	0	340	Fall_in_LINE1_copy_7.0	not_gene_region	0/1
chr11	58404364	58404364	58404376	12	14	14	42	44	14	0	70.59	85.53	14	14	42	44	14	0	5971:6005	4561:4600	4619:5254	5465:6003	not_transduction	0	0	0	42	0	44	0	Not-5prime-inversion	two_side_tprt_both	both_end_consistent	hit_end_of_consensus	18	31	18	18	119	149	0	14:10:49:36:13:18:6:18:11:32:7:31:32:4:34:2:65:61	0	42	44	0	1444	not_in_LINE1_copy	intron:ENSG00000172769.3:OR5B3	0/1
chr11	94951204	94951202	94951204	2	4	10	42	17	4	0	49.03	36.98	4	10	42	17	4	0	6018:6040	1942:1950	2002:2357	5387:6091	not_transduction	0	0	0	42	0	17	0	Not-5prime-inversion	two_side_tprt_both	both_end_consistent	hit_end_of_consensus	12	0	11	17	90	67	0	3:14:20:22:22:24:28:28:62:63:67:76	0	42	17	0	4098	not_in_LINE1_copy	not_gene_region	0/1
chr11	134435748	134435753	134435748	5	19	32	48	39	0	32	55.455	52.375	19	32	48	39	0	-32	5734:5786	5967:6017	5796:6010	5797:6014	not_transduction	0	0	0	0	48	0	39	Not-5prime-inversion	two_side_tprt_both	both_end_consistent	hit_end_of_consensus	39	0	25	40	116	18	0	2:2:4:5:5:7:7:9:13:20:20:26:30:31:33:33:36:39:40:40:41:42:47:48:49:51:52:53:53:54:62:63:67:67:68:70:75:78:82	0	48	39	0	283	not_in_LINE1_copy	up_stream:ENSG00000255545.7:RP11-627G23.1	1/1
chr12	11066591	11066591	-1	-1	23	0	23	34	0	0	94.31	86.585	23	0	23	34	0	0	5914:5928	-1:-1	5968:6009	5968:6035	not_transduction	0	0	0	0	23	0	34	Not-5prime-inversion	one_half_side	one_end_consistent	hit_end_of_consensus	54	0	33	55	120	87	20	2:4:4:5:5:7:7:8:8:9:12:12:14:17:19:19:23:23:23:25:26:29:30:33:35:40:41:41:43:45:45:46:47:48:49:52:53:56:57:59:59:61:64:65:68:68:69:70:76:76:76:76:77:82	0	23	34	0	67	not_in_LINE1_copy	intron:ENSG00000231887.7:PRH1/intron:ENSG00000275778.2:PRH1-PRR4/intron:ENSG00000212127.5:TAS2R14	0/1
chr12	12780745	12780745	12780760	15	14	9	40	51	12	9	70.865	62.235	14	9	40	51	-12	-9	4279:4304	5995:6008	5457:6020	4343:4938	not_transduction	0	0	0	0	40	0	51	Not-5prime-inversion	two_side_tprt_both	both_end_consistent	hit_end_of_consensus	16	15	16	12	137	148	0	58:29:10:3:34:27:35:20:3:30:33:22:19:17:53:54	0	40	51	0	1729	not_in_LINE1_copy	intron:ENSG00000178878.12:APOLD1	0/1
chr12	37800778	37800772	37800778	6	5	8	21	19	5	0	91.325	81.0	5	8	21	19	5	0	6025:6026	5680:5719	5742:6093	5742:6077	not_transduction	0	0	0	21	0	19	0	Not-5prime-inversion	two_side_tprt_both	both_end_consistent	hit_end_of_consensus	11	10	47	30	149	199	0	5:8:10:11:23:27:39:40:49:66:39	0	21	19	0	346	not_in_LINE1_copy	not_gene_region	0/1
chr12	38430545	38430545	38430558	13	13	10	33	25	13	10	68.71	54.565	13	10	33	25	13	-10	3196:3252	6017:6032	5376:6093	3349:3804	not_transduction	0	0	0	0	33	0	25	Not-5prime-inversion	polyA_dominant_both-side_may_low_confident	one_end_consistent	hit_end_of_consensus	13	21	13	13	78	134	0	3:7:10:12:13:26:26:34:58:63:71:74:86	0	33	25	0	2836	not_in_LINE1_copy	not_gene_region	0/1
chr12	42863169	42863169	42863182	13	20	18	65	92	0	18	67.14	74.87	20	18	65	92	0	-18	4904:4961	5995:6019	5291:6030	4955:5440	not_transduction	0	0	0	0	65	0	92	Not-5prime-inversion	two_side_tprt_both	one_end_consistent	hit_end_of_consensus	30	0	26	32	201	35	1	2:3:5:5:7:8:8:8:9:11:11:13:13:14:15:15:18:21:24:24:25:30:32:33:33:45:79:81:91:93	0	65	92	0	1115	Right_is_LINE1_copy_30.2	not_gene_region	1/1
chr12	46975847	46975842	46975847	5	9	14	50	32	9	0	59.915	57.23	9	14	50	32	9	0	6017:6032	5036:5074	5094:5666	5631:6039	not_transduction	0	0	0	50	0	32	0	Not-5prime-inversion	two_side_tprt_both	both_end_consistent	hit_end_of_consensus	17	11	13	17	107	98	0	5:6:9:15:17:19:25:25:26:32:33:44:45:47:51:53:69	0	50	32	0	996	Fall_in_LINE1_copy_8.0	not_gene_region	0/1
chr12	48535280	48535268	48535280	12	7	17	55	35	7	0	89.435	84.01	7	17	55	35	7	0	6017:6021	5418:5468	5477:6094	5477:6094	not_transduction	0	0	0	55	0	35	0	Not-5prime-inversion	two_side_tprt_both	both_end_consistent	hit_end_of_consensus	18	16	11	20	130	231	0	6:11:15:17:19:24:24:26:33:41:42:45:46:46:48:49:54:61	1	54	35	0	603	Right_is_LINE1_copy_12.3	not_gene_region	0/1
chr12	84561424	84561424	84561437	13	22	2	23	41	20	2	50.26	75.455	22	2	23	41	-20	-2	4285:4338	6019:6019	5430:6095	4342:4806	not_transduction	0	0	0	0	23	0	41	Not-5prime-inversion	two_side_tprt_both	one_end_consistent	hit_end_of_consensus	21	16	23	5	80	115	0	29:24:66:18:45:30:52:13:58:52:46:55:18:39:28:40:19:13:31:62:46	0	23	41	0	1734	not_in_LINE1_copy	not_gene_region	0/1
chr12	85112512	85112497	85112512	15	6	18	53	32	6	0	84.93	55.86	6	18	53	32	6	0	6006:6018	5314:5375	5376:5851	5572:6060	not_transduction	0	0	0	53	0	32	0	Not-5prime-inversion	two_side_tprt_both	both_end_consistent	hit_end_of_consensus	20	17	10	21	104	173	0	5:6:12:15:17:18:25:29:40:47:50:57:58:61:65:65:69:69:69:73	0	53	32	0	704	not_in_LINE1_copy	intron:ENSG00000133640.18:LRRIQ1	0/1
chr12	117749133	117749120	117749133	13	1	13	43	27	1	0	61.98	59.705	1	13	43	27	1	0	6023:6023	2301:2344	2359:2878	5412:6036	not_transduction	0	0	0	43	0	27	0	Not-5prime-inversion	two_side_tprt_both	one_end_consistent	hit_end_of_consensus	23	0	4	26	96	106	0	3:6:7:10:10:13:20:22:22:22:28:33:44:44:44:45:48:53:56:57:59:63:71	0	43	27	0	3722	not_in_LINE1_copy	intron:ENSG00000171435.13:KSR2	0/1
chr12	126318382	126318382	126318397	15	8	8	46	35	0	8	67.005	67.895	8	8	46	35	0	-8	11:45	5996:6016	5315:6034	74:620	not_transduction	0	0	0	0	46	0	35	Not-5prime-inversion	two_side_tprt_both	one_end_consistent	hit_end_of_consensus	14	18	12	15	107	153	1	2:5:12:15:22:28:36:55:65:67:82:94:96:99	0	46	35	0	6005	not_in_LINE1_copy	intron:ENSG00000255595.3:RP4-809F18.1	0/1
chr13	26913989	26913971	26913989	18	19	20	59	65	19	0	49.42	58.49	19	20	59	65	19	0	5991:6002	5175:5232	5227:5801	5428:6024	not_transduction	0	0	0	59	0	65	0	Not-5prime-inversion	two_side_tprt_both	one_end_consistent	hit_end_of_consensus	24	2	24	20	160	30	2	5:48:43:46:56:51:49:17:32:48:30:47:42:28:23:35:25:7:103:57:50:42:52:57	0	59	65	0	827	not_in_LINE1_copy	not_gene_region	0/1
chr13	42197267	42197252	42197267	15	7	11	22	39	7	0	70.6	77.385	7	11	22	39	7	0	6016:6049	5679:5733	5740:5996	5740:6093	not_transduction	0	0	0	22	0	39	0	Not-5prime-inversion	two_side_tprt_both	both_end_consistent	hit_end_of_consensus	13	0	10	18	84	121	0	6:9:12:16:19:21:36:36:43:45:49:56:66	0	22	38	1	370	not_in_LINE1_copy	intron:ENSG00000102780.16:DGKH	0/1
chr13	61160363	61160354	61160363	9	22	32	86	72	22	0	68.955	68.38	22	32	86	72	22	0	5978:6042	5475:5534	4965:5516	5047:6017	not_transduction	0	0	0	0	86	68	4	5-prime-inversion	two_side_tprt_both	one_end_consistent	hit_end_of_consensus	34	0	36	35	195	15	0	2:20:6:6:42:31:47:15:55:38:35:20:60:33:9:40:50:24:52:45:30:2:18:19:35:112:59:104:65:81:62:104:79:74	0	86	72	0	567	not_in_LINE1_copy	not_gene_region	1/1
chr13	78685658	78685652	78685658	6	29	38	100	84	26	38	69.185	61.38	29	38	100	84	-26	-38	4195:4258	5996:6069	5010:6034	4258:4981	not_transduction	0	0	0	0	100	0	84	Not-5prime-inversion	two_side_tprt_both	both_end_consistent	hit_end_of_consensus	45	0	32	46	225	22	0	3:6:8:11:11:12:12:14:16:16:20:25:25:25:27:28:29:29:31:34:34:35:40:37:41:43:45:47:47:48:49:50:51:51:51:53:55:56:60:61:61:65:66:84:85	0	100	84	0	1874	not_in_LINE1_copy	not_gene_region	1/1
chr13	85297466	85297466	85297473	7	14	8	23	38	0	8	60.55	74.82	14	8	23	38	0	-8	5312:5362	6019:6019	5581:6093	5363:5731	not_transduction	0	0	0	0	23	0	38	Not-5prime-inversion	two_side_tprt_both	both_end_consistent	hit_end_of_consensus	18	29	18	12	81	145	0	61:21:48:70:54:71:7:7:42:30:37:31:3:6:32:57:40:67	0	23	38	0	707	not_in_LINE1_copy	not_gene_region	0/1
chr13	90973977	90973968	90973977	9	8	32	76	43	8	0	60.785	40.225	8	32	76	43	8	0	5988:6016	4498:4557	4556:5281	5497:6041	not_transduction	0	0	0	76	0	43	0	Not-5prime-inversion	two_side_tprt_both	both_end_consistent	hit_end_of_consensus	36	0	11	36	152	26	0	3:3:6:13:15:19:20:21:21:23:23:26:29:31:31:38:41:43:47:48:48:49:52:52:54:56:57:59:62:63:64:65:67:67:70:72	0	76	43	0	1518	not_in_LINE1_copy	not_gene_region	1/1
chr13	98867619	98867619	98867635	16	12	9	27	31	12	0	67.59	64.415	12	9	27	31	12	0	6079:6097	10:66	74:504	5395:6036	not_transduction	0	0	0	27	0	31	0	Not-5prime-inversion	two_side_tprt_both	both_end_consistent	hit_end_of_consensus	14	26	15	10	79	165	0	9:21:15:6:17:55:12:21:41:47:100:61:83:23	0	27	31	0	6087	not_in_LINE1_copy	intron:ENSG00000088387.18:DOCK9	0/1
chr13	103643888	103643872	103643888	16	23	24	72	89	0	24	72.94	67.11	23	24	72	89	0	-24	5073:5126	6035:6096	5538:6038	5131:5778	not_transduction	0	0	0	0	72	0	89	Not-5prime-inversion	two_side_tprt_both	both_end_consistent	hit_end_of_consensus	48	0	25	48	193	23	0	2:3:3:4:6:11:11:13:14:14:15:17:18:18:20:22:23:24:24:25:28:30:33:34:35:40:40:42:45:47:51:54:54:60:61:62:64:65:66:66:66:68:72:75:75:82:84:89	0	72	89	0	1023	Fall_in_LINE1_copy_17.8	not_gene_region	1/1
chr14	27832045	27832045	27832055	10	31	12	47	68	31	0	52.42	72.035	31	12	47	68	31	0	5971:6004	5625:5658	5684:6009	5684:6016	not_transduction	0	0	0	47	0	68	0	Not-5prime-inversion	two_side_tprt_both	both_end_consistent	hit_end_of_consensus	36	2	37	17	156	34	1	53:31:3:14:43:43:4:23:28:26:17:19:60:61:16:51:18:26:35:12:3:33:15:12:50:38:70:71:107:58:36:35:63:43:46:62	0	47	68	0	379	Left_is_LINE1_copy_24.8	intron:ENSG00000258932.5:CTD-3006G17.2	0/1
chr14	30681602	30681602	30681617	15	19	7	18	37	0	7	70.385	77.16	19	7	18	37	0	-7	16:72	6019:6025	5610:6096	74:697	not_transduction	0	0	0	0	18	0	37	Not-5prime-inversion	two_side_tprt_both	both_end_consistent	hit_end_of_consensus	20	25	20	11	84	185	0	55:25:30:51:35:14:15:69:50:16:22:16:2:20:60:70:48:56:35:50	0	18	37	0	6009	not_in_LINE1_copy	up_stream:ENSG00000258648.1:RP11-159L20.1/intron:ENSG00000092108.20:SCFD1	0/1
chr14	36205538	36205538	36205554	16	29	26	35	32	29	0	78.84	71.81	29	26	35	32	29	0	6008:6046	5849:5909	5917:6045	5912:6039	not_transduction	0	0	0	35	0	32	0	Not-5prime-inversion	two_side_tprt_both	one_end_consistent	hit_end_of_consensus	33	0	41	37	117	80	0	2:3:7:7:8:10:11:11:13:15:16:17:18:18:19:20:22:27:31:34:37:39:41:47:47:54:56:59:62:62:58:70:73	0	35	32	0	197	not_in_LINE1_copy	not_gene_region	0/1
chr14	39405890	39405879	39405890	11	6	9	34	24	6	0	70.26	58.435	6	9	34	24	6	0	6031:6055	3088:3142	3144:3861	5677:6051	not_transduction	0	0	0	34	0	24	0	Not-5prime-inversion	two_side_tprt_both	both_end_consistent	hit_end_of_consensus	11	11	9	11	76	157	0	4:4:17:25:34:38:50:62:70:71:71	0	34	24	0	2967	not_in_LINE1_copy	intron:ENSG00000165355.7:FBXO33	0/1
chr14	66953146	66953146	66953163	17	16	12	44	39	0	12	73.625	74.06	16	12	44	39	0	-12	28:68	6019:6056	5473:6081	77:821	not_transduction	0	0	0	0	44	0	39	Not-5prime-inversion	two_side_tprt_both	both_end_consistent	hit_end_of_consensus	19	21	21	17	117	169	0	53:67:51:38:65:44:45:3:3:64:44:52:27:43:3:46:45:55:51	0	44	37	2	6028	Fall_in_LINE1_copy_17.9	intron:ENSG00000171723.15:GPHN	0/1
chr14	70731082	70731059	70731082	23	10	11	20	21	10	0	53.615	53.48	10	11	20	21	10	0	6038:6046	17:72	74:624	5308:6042	not_transduction	0	0	0	20	0	21	0	Not-5prime-inversion	two_side_tprt_both	both_end_consistent	hit_end_of_consensus	12	11	14	15	62	102	0	13:17:21:28:34:37:40:46:54:61:66:68	0	20	21	0	6029	not_in_LINE1_copy	intron:ENSG00000006432.15:MAP3K9	0/1
chr14	81010873	81010864	81010873	9	9	16	33	22	0	16	76.9	65.645	9	16	33	22	0	-16	17:66	5974:6016	5270:5999	74:554	not_transduction	0	0	0	0	33	0	22	Not-5prime-inversion	two_side_tprt_both	one_end_consistent	hit_end_of_consensus	20	18	10	22	83	168	3	4:10:10:11:12:17:23:25:28:29:30:32:40:52:53:59:68:73:82:84	0	33	22	0	5999	Left_is_LINE1_copy_24.6	intron:ENSG00000165409.17:TSHR/up_stream:ENSG00000284959.1:RP11-114N19.3	0/1
chr15	27930658	27930644	27930658	14	8	14	37	22	0	14	72.96	55.215	8	14	37	22	0	-14	5683:5700	6049:6053	5746:6043	5746:6012	not_transduction	0	0	0	0	37	0	22	Not-5prime-inversion	two_side_tprt_both	both_end_consistent	hit_end_of_consensus	17	9	8	21	95	146	0	2:2:2:12:14:28:29:30:36:40:43:43:45:58:61:72:76	0	37	22	0	370	Left_is_LINE1_copy_23.1	intron:ENSG00000104044.15:OCA2	0/1
chr15	37415689	37415688	37415689	1	19	23	80	75	0	23	64.315	61.975	19	23	80	75	0	-23	5403:5455	5992:6020	5457:6023	5457:5931	not_transduction	0	0	0	0	80	0	75	Not-5prime-inversion	two_side_tprt_both	both_end_consistent	hit_end_of_consensus	33	0	28	34	202	15	0	5:6:9:11:12:14:26:27:29:31:32:36:36:37:42:42:45:44:52:53:53:59:60:60:62:63:64:73:75:76:76:78:8	0	80	75	0	617	not_in_LINE1_copy	intron:ENSG00000259434.1:RP11-720L8.1	1/1
chr15	61772706	61772706	-1	-1	4	0	2	13	0	0	81.94	106.53	4	0	2	13	0	0	5977:5992	-1:-1	5590:5755	5360:5902	not_transduction	0	0	0	2	0	13	0	Not-5prime-inversion	one_half_side	one_end_consistent	hit_end_of_consensus	14	61	15	0	52	325	0	14:56:31:48:67:57:27:18:38:46:48:26:41:71	2	0	13	0	312	Fall_in_LINE1_copy_27.8	not_gene_region	0/1
chr15	100390953	100390938	100390953	15	15	21	47	36	0	21	95.72	87.56	15	21	47	36	0	-21	4954:5013	5981:6018	5227:6026	4692:5288	not_transduction	0	0	0	0	47	30	6	5-prime-inversion	two_side_tprt_both	one_end_consistent	hit_end_of_consensus	23	18	17	24	114	212	0	3:7:9:9:20:22:26:26:27:28:29:31:35:37:39:42:47:47:50:51:66:69:105	0	47	36	0	1064	Fall_in_LINE1_copy_32.2	intron:ENSG00000259430.1:RP11-168G16.2	0/1
chr16	7385970	7385955	7385970	15	6	7	31	17	0	9	54.75	44.835	6	7	31	17	0	-9	18:22	5989:6000	5614:6056	74:483	not_transduction	0	0	0	0	31	0	17	Not-5prime-inversion	two_side_tprt_both	both_end_consistent	hit_end_of_consensus	8	0	10	12	59	92	0	3:5:14:15:20:49:54:54	0	31	17	0	5982	Right_is_LINE1_copy_6.6	intron:ENSG00000078328.20:RBFOX1	0/1
chr16	34189977	34189962	34189977	15	15	53	24	18	11	0	207.515	145.87	15	53	24	18	11	0	5992:5997	2399:2459	1765:2393	5531:5853	not_transduction	0	0	0	3	21	18	0	5-prime-inversion	two_side_tprt_both	both_end_consistent	hit_end_of_consensus	57	41	71	70	362	334	16	6:7:9:11:11:13:14:14:15:17:19:24:25:20:28:30:30:31:32:33:35:35:35:37:39:41:41:42:44:44:45:48:49:50:51:51:53:54:54:55:57:58:58:59:62:62:62:62:63:63:64:66:67:69:69:70:71	3	21	18	0	3598	not_in_LINE1_copy	not_gene_region	0/1
chr18	51689848	51689848	51689862	14	13	9	31	28	0	9	64.875	64.545	13	9	31	28	0	-9	50:72	5985:6011	5562:6093	76:436	not_transduction	0	0	0	0	31	0	28	Not-5prime-inversion	two_side_tprt_both	both_end_consistent	hit_end_of_consensus	16	29	18	16	75	140	0	64:22:71:4:22:24:55:72:65:8:68:5:27:26:27:50	0	31	28	0	5961	Fall_in_LINE1_copy_18.7	not_gene_region	0/1
chr18	61912742	61912731	61912742	11	8	11	12	10	8	0	57.785	58.21	8	11	12	10	8	0	6007:6018	5844:5893	5943:6014	5897:6005	not_transduction	0	0	0	12	0	10	0	Not-5prime-inversion	two_side_tprt_both	both_end_consistent	hit_end_of_consensus	16	6	11	16	47	127	0	2:4:6:7:8:21:22:22:26:27:42:47:55:56:60:70	0	12	10	0	174	not_in_LINE1_copy	intron:ENSG00000197563.10:PIGN	0/1
chr18	77248111	77248111	77248114	3	12	10	30	20	0	10	73.665	65.625	12	10	30	20	0	-10	5633:5647	6067:6105	5653:6058	5688:6037	not_transduction	0	0	0	0	30	0	20	Not-5prime-inversion	two_side_tprt_both	one_end_consistent	hit_end_of_consensus	26	13	16	27	80	157	15	2:11:15:17:19:20:32:35:41:41:43:43:55:58:58:59:59:65:73:74:80:81:82:82:85:85	0	30	20	0	472	Fall_in_LINE1_copy_25.2	not_gene_region	0/1
chr20	16498849	16498849	16498858	9	13	11	29	19	0	11	60.935	61.17	13	11	29	19	0	-11	5757:5796	5982:6009	5687:5999	5800:6006	not_transduction	0	0	0	0	29	0	19	Not-5prime-inversion	two_side_tprt_both	both_end_consistent	hit_end_of_consensus	19	21	19	16	56	131	0	4:7:36:36:2:7:40:67:60:2:28:66:29:10:49:2:41:61:55	0	29	19	0	252	Fall_in_LINE1_copy_28.4	intron:ENSG00000089177.18:KIF16B	0/1
chr20	42915071	42915064	42915071	7	17	24	60	41	17	0	64.855	46.39	17	24	60	41	17	0	6032:6059	5595:5655	5657:5986	5382:6092	not_transduction	0	0	0	60	0	41	0	Not-5prime-inversion	two_side_tprt_both	both_end_consistent	hit_end_of_consensus	26	0	19	26	166	47	0	3:11:13:15:15:18:18:21:29:32:31:31:35:38:41:45:50:52:53:56:57:60:62:67:71:71	0	60	40	1	464	Left_is_LINE1_copy_21.6	intron:ENSG00000196090.12:PTPRT	0/1
chr21	13017858	13017858	13017876	18	22	2	0	32	0	2	110.835	108.27	22	2	0	32	0	-2	5611:5641	6038:6038	-1:-1	5670:5971	not_transduction	0	0	0	0	0	0	32	5-prime-inversion	one_half_side_tprt_both	one_end_consistent	hit_end_of_consensus	29	53	40	19	138	243	4	18:9:24:18:34:39:50:17:32:42:57:15:4:16:22:18:18:20:50:31:28:12:45:38:44:14:35:42:49	0	0	32	0	427	not_in_LINE1_copy	down_stream:ENSG00000229306.1:AP001464.4	0/1
chr21	18144996	18144979	18144996	17	8	10	28	22	0	10	60.495	60.16	8	10	28	22	0	-10	2677:2717	5979:5992	5550:5983	2721:3195	not_transduction	0	0	0	0	28	0	22	Not-5prime-inversion	two_side_tprt_both	both_end_consistent	hit_end_of_consensus	19	13	10	19	86	98	0	2:6:8:8:9:10:13:21:24:39:44:46:47:56:57:62:76:78:93	0	28	22	0	3315	not_in_LINE1_copy	intron:ENSG00000154645.13:CHODL	0/1
chr22	19223389	19223372	19223389	17	7	11	23	32	8	0	58.005	53.66	7	11	23	32	8	0	6000:6015	19:69	74:770	5327:6021	not_transduction	0	0	0	23	0	32	0	Not-5prime-inversion	two_side_tprt_both	one_end_consistent	hit_end_of_consensus	13	12	10	14	73	120	0	4:9:18:20:28:29:32:37:50:51:61:65:69	0	23	32	0	5996	not_in_LINE1_copy	intron:ENSG00000070371.15:CLTCL1	0/1
chr22	22131986	22131975	22131986	11	5	9	40	29	0	9	64.99	65.125	5	9	40	29	0	-9	37:53	5975:6006	5490:6020	77:690	not_transduction	0	0	0	0	40	0	29	Not-5prime-inversion	two_side_tprt_both	one_end_consistent	hit_end_of_consensus	17	23	22	13	90	128	15	52:50:19:49:47:17:13:41:5:5:56:68:42:65:48:67:31	0	40	29	0	5969	not_in_LINE1_copy	intron:ENSG00000211642.3:IGLV10-54	0/1
chr22	22361254	22361240	22361254	14	14	30	75	46	15	0	63.61	58.3	14	30	75	46	15	0	5990:6051	14:71	74:1059	5288:6014	not_transduction	0	0	0	73	2	46	0	Not-5prime-inversion	two_side_tprt_both	both_end_consistent	hit_end_of_consensus	31	0	26	33	163	19	5	7:15:16:19:20:20:22:24:25:25:30:31:31:31:37:40:46:46:47:49:50:51:52:52:56:56:60:62:63:67:72	0	75	46	0	6037	Fall_in_LINE1_copy_11.8	not_gene_region	1/1
chrX	86526795	86526779	86526795	16	6	18	48	28	7	0	39.52	30.92	6	18	48	28	7	0	6017:6035	2871:2927	2297:2917	5753:6032	not_transduction	0	0	0	0	48	24	4	5-prime-inversion	two_side_tprt_both	both_end_consistent	hit_end_of_consensus	19	0	12	19	96	18	0	7:16:19:24:30:31:32:35:40:41:47:48:49:53:53:60:64:71:72	0	48	28	0	3164	Right_is_LINE1_copy_24.6	intron:ENSG00000126733.20:DACH2	0/1
chrX	102184287	102184288	102184287	1	11	13	45	47	11	0	29.74	33.005	11	13	45	47	11	0	5996:6030	4500:4558	4559:5423	5255:6043	not_transduction	0	0	0	45	0	47	0	Not-5prime-inversion	two_side_tprt_both	both_end_consistent	hit_end_of_consensus	13	0	12	14	106	9	0	11:17:18:19:29:37:44:45:48:49:58:64:69	2	43	47	0	1530	Right_is_LINE1_copy_4.0	intron:ENSG00000251525.6:RP1-158I15.1	1/1
chrX	103108261	103108245	103108261	16	5	9	47	21	5	0	30.64	16.43	5	9	47	21	5	0	6044:6048	5450:5481	5065:5483	5645:6036	not_transduction	0	0	0	0	47	21	0	5-prime-inversion	two_side_tprt_both	both_end_consistent	hit_end_of_consensus	9	0	7	9	94	8	0	17:19:21:37:45:48:52:56:68	0	47	21	0	598	not_in_LINE1_copy	not_gene_region	1/1
chrX	112314530	112314521	112314530	9	9	15	27	22	0	16	31.025	25.025	9	15	27	22	0	-16	17:37	6084:6089	5433:6014	77:577	not_transduction	0	0	0	0	27	0	22	Not-5prime-inversion	two_side_tprt_both	both_end_consistent	hit_end_of_consensus	20	0	13	23	71	11	0	6:7:2:9:17:17:18:18:21:22:24:29:30:30:36:38:43:45:50:70	0	27	22	0	6072	not_in_LINE1_copy	not_gene_region	1/1
chrX	123531005	123531005	123531021	16	9	7	28	48	0	8	22.32	33.225	9	7	28	48	0	-8	4366:4406	6018:6027	5455:6062	4418:4765	not_transduction	0	0	0	0	28	0	48	Not-5prime-inversion	two_side_tprt_both	both_end_consistent	hit_end_of_consensus	10	1	11	12	98	14	0	28:7:33:47:32:59:61:2:24:21	1	27	48	0	1661	Fall_in_LINE1_copy_9.1	not_gene_region	0/1
