chr1	28189160	28189133	28189160	27	1	21	53	0	0	21	221.035	123.555	1	21	53	0	0	21	1022:1022	2692:2694	1885:2734	-1:-1	chr19_23844709_sibling	20	62	19	52	1	0	0	Not-5prime-inversion	one_half_side_tprt_both	one_end_consistent	hit_end_of_consensus	69	71	15	53	127	422	0	67:47:3:39:77:4:7:9:12:14:17:18:23:24:24:27:31:32:34:37:42:43:46:46:47:51:52:54:55:55:57:58:62:64:64:66:70:70:71:79:84:85	51	2	0	0	115	not_in_SVA_copy	intron:ENSG00000169403.11:PTAFR	0/1
chr1	37775706	37775706	37775724	18	30	26	58	35	0	21	125.385	151.6	30	26	58	35	0	-21	2227:2234	2622:2663	1787:2657	87:792	chr19_11311215_sibling	55	46	22	1	57	1	34	Not-5prime-inversion	two_side_tprt_both	one_end_consistent	hit_end_of_consensus	38	59	28	43	143	254	1	67:47:3:39:77:9:34:25:14:28:24:18:47:4:30:54:55	1	57	32	3	1913	not_in_SVA_copy	up_stream:ENSG00000214141.4:RP11-109P14.1	0/1
chr1	38829924	38829924	38829937	13	22	7	1	46	22	0	73.25	110.685	22	7	1	46	22	0	2546:2578	50:51	-1:-1	1480:2354	chr1_230211462_sibling	0	0	0	1	0	46	0	Not-5prime-inversion	one_half_side_tprt_both	one_end_consistent	hit_end_of_consensus	24	59	32	23	90	246	7	67:47:3:39:77:71:45:36:41:67:32:34:43:44:13:45:49:65:37:57:64:28	0	1	46	0	520	not_in_SVA_copy	not_gene_region	0/1
chr1	64384507	64384496	64384507	11	17	18	51	43	16	0	113.7	100.14	17	18	51	43	16	0	2000:2023	17:72	74:877	1814:2664	not_transduction	0	0	0	50	1	43	0	Not-5prime-inversion	two_side_tprt_both	both_end_consistent	hit_end_of_consensus	31	50	26	35	116	291	10	67:47:3:39:77:5:14:21:19:25:8:11:36:38:41:43:58:61:64:66:69:70:74:80	1	50	42	1	2006	not_in_SVA_copy	down_stream:ENSG00000238653.1:RNU7-62P	0/1
chr1	111353565	111353551	111353565	14	14	16	41	28	14	0	122.18	114.105	14	16	41	28	14	0	2651:2663	66:94	91:436	436:1252	chr10_100276496_sibling	0	0	0	41	0	28	0	Not-5prime-inversion	two_side_tprt_both	one_end_consistent	hit_end_of_consensus	20	56	28	24	84	288	0	67:47:3:39:77:22:23:34:36:48:67:53:71	0	41	27	1	1909	not_in_SVA_copy	intron:ENSG00000234020.1:RP5-1125M8.5/down_stream:ENSG00000173947.13:PIFO	0/1
chr1	162458272	162458272	162458290	18	9	2	51	3	5	2	156.21	188.495	9	2	51	3	5	2	255:260	7:7	1111:1928	-1:-1	not_transduction	0	0	0	49	2	3	0	Not-5prime-inversion	one_half_side_tprt_both	one_end_consistent	hit_end_of_consensus	28	41	29	26	68	399	0	67:47:3:39:77:35:82:71:3:111:88:48:24:16:8:15:8:10:51	30	21	3	0	253	not_in_SVA_copy	not_gene_region	0/1
chr1	165892146	165892146	165892163	17	18	8	32	52	0	8	98.135	112.075	18	8	32	52	0	-8	17:67	2649:2650	1014:1781	64:668	chr16_56740820_sibling	0	0	0	2	30	1	51	Not-5prime-inversion	two_side_tprt_both	both_end_consistent	hit_end_of_consensus	25	69	31	21	94	260	0	67:47:3:39:77:68:46:46:45:14:49:16:7:42:9:14:54:67:64	0	32	51	1	1936	not_in_SVA_copy	intron:ENSG00000143179.15:UCK2/exon:ENST00000626270.1:2:RP11-525G13.2	0/1
chr1	168216947	168216947	-1	-1	8	0	2	30	8	0	95.995	180.225	8	0	2	30	-8	0	2282:2282	-1:-1	2287:2740	2005:2507	chr1:182305186-182305186~0~182305186-182305546	12	21	11	2	0	0	30	5-prime-inversion	one_half_side_tprt	one_end_consistent	hit_end_of_consensus	43	79	41	15	172	331	0	67:47:3:39:77:17:60:22:39:15:51:46:33:22:78:59:43:24:62:32:65:62:54:46:3:39:77:37:60:59	2	0	0	30	5	not_in_SVA_copy	down_stream:ENSG00000237131.1:RP1-69E11.3	0/1
chr1	168451690	168451690	168451698	8	28	10	46	72	0	10	143.72	145.11	28	10	46	72	0	-10	16:73	2225:2226	1766:2631	64:603	chr8_30248168_sibling	0	0	0	1	45	1	71	Not-5prime-inversion	two_side_tprt_both	both_end_consistent	hit_end_of_consensus	34	67	33	27	132	299	0	67:47:3:39:77:42:43:32:70:57:23:74:62:51:56:59:18:40:48:3:54:17	0	46	71	1	1936	not_in_SVA_copy	down_stream:ENSG00000215833.3:RP5-968D22.2/intron:ENSG00000228697.2:RP5-968D22.3	0/1
chr1	182305186	182305180	182305186	6	4	12	17	5	4	0	103.245	136.69	4	12	17	5	4	0	2468:2468	25:84	68:839	2263:2511	chr1_168216984_sibling	0	0	0	15	2	5	0	Not-5prime-inversion	two_side_tprt_both	one_end_consistent	hit_end_of_consensus	33	64	38	22	108	262	0	67:47:3:39:77:75:10:31:6:44:75:70:3:61:52:12:58:32:64:75:75:70:71:55:43:37:41	0	17	5	0	1932	not_in_SVA_copy	intron:ENSG00000228918.3:GS1-122H1.2	0/1
chr1	236374904	236374899	236374904	5	30	31	89	59	0	31	167.51	161.255	30	31	89	59	0	-31	93:143	2035:2081	1732:2612	74:896	not_transduction	0	0	0	0	89	0	59	Not-5prime-inversion	two_side_tprt_both	one_end_consistent	hit_end_of_consensus	43	55	31	33	179	294	0	67:47:3:39:77:6:7:7:9:11:13:15:17:22:22:34:37:38:55:59:61:69:114	9	80	57	2	1988	not_in_SVA_copy	intron:ENSG00000186197.14:EDARADD	0/1
chr2	47582865	47582849	47582865	16	1	8	33	15	0	8	108.31	132.135	1	8	33	15	0	-8	2309:2309	2206:2206	1951:2724	68:403	not_transduction	0	0	0	1	32	0	15	Not-5prime-inversion	two_side_tprt_both	one_end_consistent	hit_end_of_consensus	22	60	22	18	73	249	0	67:47:3:39:77:12:71:15:35:48:3:3:28	1	32	14	1	103	not_in_SVA_copy	intron:ENSG00000095002.14:MSH2	0/1
chr2	169857091	169857064	169857091	27	2	10	13	0	2	7	97.625	69.605	2	10	13	0	-2	-7	2365:2365	205:205	224:1068	-1:-1	not_transduction	0	0	0	0	13	0	0	5-prime-inversion	one_half_side_tprt_both	one_end_consistent	hit_end_of_consensus	50	41	26	44	93	216	1	67:47:3:39:77:9:10:5:19:24:28:31:48:51:56:64:77:85:87:89:92:98:102:109:41:54:41:113:114:117:118:119	7	6	0	0	2160	not_in_SVA_copy	intron:ENSG00000144357.16:UBR3	0/1
chr3	120415573	120415576	120415573	3	1	10	7	0	0	8	154.895	149.5	1	10	7	0	0	-8	2726:2726	2139:2142	1136:1984	-1:-1	not_transduction	0	0	0	6	1	0	0	Not-5prime-inversion	one_half_side_tprt_both	one_end_consistent	hit_end_of_consensus	10	103	14	15	38	444	0	67:47:3:39:77:none	6	1	0	0	587	not_in_SVA_copy	intron:ENSG00000240661.3:RP11-174O3.3/intron:ENSG00000163430.11:FSTL1	0/1
chr3	126371359	126371344	126371359	15	18	23	46	48	18	0	89.405	90.425	18	23	46	48	18	0	2497:2509	1043:1058	931:1725	1815:2658	not_transduction	0	0	0	45	1	48	0	Not-5prime-inversion	two_side_tprt_both	both_end_consistent	hit_end_of_consensus	24	54	29	25	121	251	0	67:47:3:39:77:13:16:26:28:36:39:52:63:69	0	46	48	0	1466	not_in_SVA_copy	not_gene_region	0/1
chr3	138126527	138126527	138126544	17	26	22	64	82	26	0	87.495	117.53	26	22	64	82	26	0	2744:2759	28:79	64:417	1794:2667	not_transduction	0	0	0	61	3	81	1	Not-5prime-inversion	two_side_tprt_both	both_end_consistent	hit_end_of_consensus	45	41	36	32	160	155	0	67:47:3:39:77:3:21:23:19:36:42:50:43:25:20:7:35:79:70:84:21:86:45:35:35	4	60	81	1	2731	not_in_SVA_copy	intron:ENSG00000118017.3:A4GNT	0/1
chr3	147890065	147890048	147890065	17	28	38	88	82	29	0	107.495	87.48	28	38	88	82	29	0	2822:2842	257:365	206:929	1837:2714	not_transduction	0	0	0	88	0	82	0	Not-5prime-inversion	two_side_tprt_both	both_end_consistent	hit_end_of_consensus	43	41	35	48	173	167	0	67:47:3:39:77:5:6:9:10:10:12:13:14:19:20:22:29:30:30:42:45:46:46:46:46:51:53:54:57:59:61:62:62:62:69:74	0	88	82	0	2585	not_in_SVA_copy	not_gene_region	0/1
chr3	186982853	186982842	186982853	11	10	24	55	14	0	23	135.47	122.71	10	24	55	14	0	-23	17:48	2260:2332	1868:2556	64:264	not_transduction	0	0	0	2	53	0	14	Not-5prime-inversion	two_side_tprt_both	both_end_consistent	hit_end_of_consensus	25	50	24	30	93	255	0	67:47:3:39:77:5:13:14:16:16:27:30:32:42:48:64:65:71:79	1	54	14	0	2315	not_in_SVA_copy	intron:ENSG00000073849.14:ST6GAL1	0/1
chr4	9703221	9703203	9703221	18	7	14	43	19	7	0	107.685	107.055	7	14	43	19	7	0	2663:2667	162:199	288:901	1768:2551	not_transduction	0	0	0	42	1	19	0	Not-5prime-inversion	two_side_tprt_both	one_end_consistent	hit_end_of_consensus	22	52	22	27	93	244	0	67:47:3:39:77:5:11:11:13:17:19:22:33:44:63:65	1	42	19	0	2505	not_in_SVA_copy	up_stream:ENSG00000251087.3:RP11-180A12.1/down_stream:ENSG00000186234.7:RP11-180A12.3	0/1
chr4	112958860	112958842	112958860	18	4	10	7	0	2	9	104.35	111.975	4	10	7	0	-2	-9	113:113	2267:2269	485:971	-1:-1	not_transduction	0	0	0	1	6	0	0	5-prime-inversion	one_half_side_tprt_both	one_end_consistent	hit_end_of_consensus	13	62	23	22	47	300	1	67:47:3:39:77:15:23:5:19:5:10:5:16:4	5	2	0	0	2156	not_in_SVA_copy	intron:ENSG00000145362.17:ANK2	0/1
chr4	159525315	159525315	159525305	10	13	2	26	17	16	1	93.035	125.64	13	2	26	17	16	1	2242:2249	1894:1894	950:1828	2013:2733	not_transduction	0	0	0	25	1	16	1	Not-5prime-inversion	two_side_tprt_both	one_end_consistent	hit_end_of_consensus	30	42	39	29	74	265	1	67:47:3:39:77:16:9:23:5:21:9:9:13:75:43:10:17:25:5:75:66	12	14	15	2	355	Fall_in_SVA_copy_8.5	not_gene_region	0/1
chr5	721259	721259	721268	9	7	5	34	26	6	0	147.825	104.965	7	5	34	26	6	0	1928:1928	80:95	74:691	1605:2408	chr5_176963086_sibling	0	0	0	34	0	25	1	Not-5prime-inversion	two_side_tprt_both	one_end_consistent	hit_end_of_consensus	22	52	22	24	105	252	0	67:47:3:39:77:3:3:6:15:25:31:37:63:69	0	34	25	1	1926	not_in_SVA_copy	intron:ENSG00000206077.10:ZDHHC11B	0/1
chr5	43823898	43823875	43823898	23	6	7	9	37	6	4	158.47	138.4	6	7	9	37	-6	-4	2702:2716	203:213	2651:2745	265:1133	not_transduction	0	0	0	0	9	6	31	Not-5prime-inversion	two_side_tprt_both	one_end_consistent	hit_end_of_consensus	28	45	22	23	93	299	9	67:47:3:39:77:30:32:41:80:94:112	1	8	14	23	2513	Fall_in_SVA_copy_5.8	not_gene_region	0/1
chr5	56152177	56152166	56152177	11	11	31	56	31	6	2	145.42	154.27	11	31	56	31	6	-2	1164:1164	2204:2231	1842:2655	1842:2714	not_transduction	0	0	0	52	4	28	3	Not-5prime-inversion	two_side_tprt_both	one_end_consistent	hit_end_of_consensus	88	44	67	44	137	211	1	67:47:3:39:77:2:66:35:55:66:26:26:61:105:46:60:64:48:6:38:52:52:35:82:70:73:63:65:87:57:35:83:84:2:17:24:92:87:7:100:58:86:95:84:97:49:65:73:93:100:44:45:85	3	53	30	1	1067	not_in_SVA_copy	intron:ENSG00000164512.17:ANKRD55	0/1
chr5	79130726	79130726	79130744	18	17	17	21	47	16	0	123.13	114.155	17	17	21	47	16	0	2635:2650	11:77	73:481	1747:2588	not_transduction	0	0	0	21	0	46	1	Not-5prime-inversion	two_side_tprt_both	one_end_consistent	hit_end_of_consensus	26	50	33	23	95	256	0	67:47:3:39:77:11:30:35:40:64:81	0	21	46	1	2639	not_in_SVA_copy	intron:ENSG00000145692.14:BHMT/intron:ENSG00000132837.14:DMGDH	0/1
chr5	126729429	126729429	126729440	11	32	17	17	57	32	1	126.06	117.83	32	17	17	57	32	1	2649:2684	45:101	95:808	2077:2737	not_transduction	0	0	0	17	0	57	0	Not-5prime-inversion	two_side_tprt_both	both_end_consistent	hit_end_of_consensus	40	67	40	25	101	283	0	67:47:3:39:77:72:101:57:100:4:63:99:17:61:10:90:24:40:22:83:45:102:73:22:37:88:93:32:100:59:89	1	16	55	2	2639	not_in_SVA_copy	not_gene_region	0/1
chr5	134619330	134619330	134619343	13	19	6	2	54	19	0	92.29	128.21	19	6	2	54	19	0	2170:2201	45:67	65:65	1762:2595	not_transduction	0	0	0	2	0	53	1	Not-5prime-inversion	two_side_tprt_both	one_end_consistent	hit_end_of_consensus	21	56	29	22	91	240	0	67:47:3:39:77:39:12:20:17:22:12:12:29:11:32:9:9:7:34:53	0	2	54	0	2156	not_in_SVA_copy	intron:ENSG00000152700.13:SAR1B	0/1
chr5	142000088	142000088	142000104	16	22	18	50	54	0	18	112.41	132.63	22	18	50	54	0	-18	2496:2505	2637:2677	2090:2919	64:507	chr3_106110015_sibling	0	0	0	0	50	0	54	Not-5prime-inversion	two_side_tprt_both	one_end_consistent	hit_end_of_consensus	60	42	38	29	201	162	18	67:47:3:39:77:20:2:76:5:10:17:48:31:10:14:50:100:2:19:22:40:16:84:40:62:82:57:71	0	50	54	0	1936	not_in_SVA_copy	intron:ENSG00000113552.15:GNPDA1	0/1
chr5	151166586	151166574	151166586	12	14	19	66	42	0	19	148.895	123.965	14	19	66	42	0	-19	146:163	2261:2270	1889:2683	120:782	not_transduction	0	0	0	3	63	0	42	Not-5prime-inversion	two_side_tprt_both	one_end_consistent	hit_end_of_consensus	23	66	27	34	129	274	0	67:47:3:39:77:4:43:2:10:22:18:6:49:73:61:52	1	65	41	1	2124	not_in_SVA_copy	not_gene_region	0/1
chr6	2919922	2919922	2919937	15	10	10	50	49	10	0	116.97	110.39	10	10	50	49	10	0	2538:2545	10:23	64:740	1834:2659	not_transduction	0	0	0	50	0	49	0	Not-5prime-inversion	two_side_tprt_both	both_end_consistent	hit_end_of_consensus	18	63	25	24	128	262	0	67:47:3:39:77:31:20:4:4:17:104:104:68:60	1	49	48	1	2535	not_in_SVA_copy	not_gene_region	0/1
chr6	31329021	31329005	31329021	16	12	18	1	139	0	18	117.205	115.68	12	18	1	139	0	-18	1214:1214	2909:2916	-1:-1	850:1730	not_transduction	0	0	0	0	1	129	10	5-prime-inversion	one_half_side_tprt_both	one_end_consistent	hit_end_of_consensus	65	41	48	64	298	154	9	67:47:3:39:77:6:6:6:7:8:8:8:11:14:13:15:17:18:19:19:19:19:20:21:25:25:28:30:31:30:31:32:33:35:37:41:42:43:43:47:47:51:53:53:57:58:62:63:64:65:66:67:82	0	1	45	94	1702	not_in_SVA_copy	intron:ENSG00000234745.10:HLA-B	0/1
chr6	31329618	31329617	31329618	1	37	60	92	64	37	0	128.645	94.25	37	60	92	64	37	0	2720:2755	1662:1722	849:1730	920:1414	not_transduction	0	0	0	88	4	52	12	Not-5prime-inversion	two_side_tprt_both	one_end_consistent	hit_end_of_consensus	65	41	46	47	299	152	5	67:47:3:39:77:10:11:12:16:17:18:21:21:22:25:26:30:31:31:36:40:40:46:53:55:55:55:59:60:60:63:63:65:66:67:73	2	90	57	7	1093	not_in_SVA_copy	intron:ENSG00000234745.10:HLA-B	0/1
chr6	32546708	32546713	32546708	5	3	23	39	48	3	0	256.68	142.87	3	23	39	48	3	0	2670:2670	2360:2376	97:385	2073:2667	not_transduction	0	0	0	39	0	45	3	Not-5prime-inversion	two_side_tprt_both	one_end_consistent	hit_end_of_consensus	53	57	18	36	323	352	85	67:47:3:39:77:9:19:30:23:31:32:36:39:42:42:48:52:53:54:54:54:55:57:60:63	1	38	39	9	310	not_in_SVA_copy	not_gene_region	0/1
chr6	130803716	130803716	130803736	20	8	3	4	1	6	2	114.245	120.81	8	3	4	1	-6	-2	208:208	2565:2565	1084:1477	-1:-1	not_transduction	0	0	0	4	0	1	0	Not-5prime-inversion	one_half_side_tprt_both	one_end_consistent	hit_end_of_consensus	34	43	36	30	85	293	0	67:47:3:39:77:12:18:40:59:104:114:118	4	0	1	0	2357	not_in_SVA_copy	not_gene_region	0/1
chr6	133666193	133666193	133666214	21	6	4	2	22	6	0	95.66	111.545	6	4	2	22	6	0	2736:2746	836:836	1326:2107	1887:2712	not_transduction	0	0	0	2	0	22	0	Not-5prime-inversion	two_side_tprt_both	one_end_consistent	hit_end_of_consensus	11	55	20	22	79	290	0	67:47:3:39:77:35:5	1	1	22	0	1910	Fall_in_SVA_copy_7.4	intron:ENSG00000227954.6:TARID	0/1
chr6	138775859	138775842	138775859	17	7	22	33	27	7	0	144.15	126.785	7	22	33	27	7	0	2659:2673	43:143	68:527	1960:2768	chr12_66057591_sibling	0	0	0	30	3	26	1	Not-5prime-inversion	two_side_tprt_both	both_end_consistent	hit_end_of_consensus	24	41	24	29	91	306	0	67:47:3:39:77:6:12:12:21:29:29:42:42:43:56:61:80	2	31	26	1	1932	not_in_SVA_copy	intron:ENSG00000024862.17:CCDC28A	0/1
chr6	144694251	144694251	144694264	13	24	11	34	47	0	11	113.67	143.015	24	11	34	47	0	-11	40:118	2649:2664	2133:2931	88:551	not_transduction	0	0	0	0	34	0	47	Not-5prime-inversion	two_side_tprt_both	both_end_consistent	hit_end_of_consensus	27	77	27	23	129	307	0	67:47:3:39:77:41:63:63:41:3:68:60:68:52:60:42:11:54	0	34	47	0	2624	not_in_SVA_copy	intron:ENSG00000152818.18:UTRN	0/1
chr6	153108721	153108701	153108721	20	14	30	56	23	14	0	130.55	116.68	14	30	56	23	14	0	2644:2653	2144:2170	1606:2479	2129:2934	not_transduction	0	0	0	55	1	23	0	Not-5prime-inversion	two_side_tprt_both	both_end_consistent	hit_end_of_consensus	33	55	19	36	101	271	5	67:47:3:39:77:3:4:10:11:13:15:18:19:32:36:40:46:46:48:56:56:56:63:63:69:70	1	55	23	0	509	not_in_SVA_copy	intron:ENSG00000091844.7:RGS17	0/1
chr6	158217808	158217808	158217821	13	21	21	76	36	21	0	143.2	102.12	21	21	76	36	21	0	2005:2018	77:119	80:934	1817:2637	not_transduction	0	0	0	75	1	35	1	Not-5prime-inversion	two_side_tprt_both	one_end_consistent	hit_end_of_consensus	27	52	33	26	126	287	2	67:47:3:39:77:2:4:8:13:19:29:36:39:42:52:62	3	73	35	1	1941	not_in_SVA_copy	not_gene_region	0/1
chr6	161950990	161950990	161950954	36	13	1	38	33	13	0	108.51	104.265	13	1	38	33	13	0	2654:2664	2159:2159	74:887	1755:2592	not_transduction	0	0	0	38	0	33	0	Not-5prime-inversion	two_side_tprt_both	one_end_consistent	hit_end_of_consensus	32	50	24	37	113	271	0	67:47:3:39:77:11:15:19:22:25:27:29:33:34:39:48:48:51:55:56:71:79:81:83:85:87:95	3	35	33	0	505	not_in_SVA_copy	intron:ENSG00000185345.19:PARK2	0/1
chr7	5856416	-1	5856416	-1	0	10	35	8	0	10	128.065	112.11	0	10	35	8	0	-10	-1:-1	2646:2664	1843:2659	64:170	chr20_36999350_sibling	0	0	0	0	35	3	5	Not-5prime-inversion	one_half_side_tprt	one_end_consistent	hit_end_of_consensus	16	51	27	24	80	256	0	67:47:3:39:77:3:8:15:20:51:71	1	34	5	3	1936	not_in_SVA_copy	not_gene_region	0/1
chr7	29791576	29791576	29791590	14	12	9	35	25	0	9	105.855	106.405	12	9	35	25	0	-9	41:58	2213:2222	1898:2748	118:701	not_transduction	0	0	0	0	35	1	24	Not-5prime-inversion	two_side_tprt_both	one_end_consistent	hit_end_of_consensus	28	43	23	31	91	200	0	67:47:3:39:77:5:14:19:25:27:28:31:49:34:54:64:65:69:62:84	0	35	22	3	2181	not_in_SVA_copy	not_gene_region	0/1
chr7	64197485	64197472	64197485	13	15	18	49	16	0	18	120.88	87.39	15	18	49	16	0	-18	2410:2444	2754:2806	1700:2566	2294:2766	chr3_124457108_sibling	0	0	0	0	49	0	16	Not-5prime-inversion	two_side_tprt_both	one_end_consistent	hit_end_of_consensus	25	50	26	40	120	276	0	67:47:3:39:77:4:6:6:7:7:10:19:19:22:23:25:27:27:32:33:35:49:53:55:66:67:70:71	0	49	16	0	300	not_in_SVA_copy	not_gene_region	0/1
chr7	65580705	65580692	65580705	13	6	11	25	20	0	11	220.965	167.385	6	11	25	20	0	-11	87:104	2477:2490	1713:2592	88:640	not_transduction	0	0	0	1	24	2	18	Not-5prime-inversion	two_side_tprt_both	one_end_consistent	hit_end_of_consensus	32	59	21	31	170	398	0	67:47:3:39:77:5:7:7:9:9:17:21:26:31:35:47:47:54:66:76:109	1	24	20	0	2403	not_in_SVA_copy	not_gene_region	0/1
chr8	69246856	69246856	69246882	26	12	5	19	9	9	5	131.495	150.94	12	5	19	9	9	5	262:262	2610:2611	614:1478	2329:2738	not_transduction	0	0	0	18	1	9	0	Not-5prime-inversion	two_side_tprt_both	one_end_consistent	hit_end_of_consensus	57	42	27	44	58	267	0	67:47:3:39:77:106:95:36:20:33:17:41:42:17:7:112:106	16	3	9	0	2349	Fall_in_SVA_copy_3.0	not_gene_region	0/1
chr8	95253499	95253499	95253528	29	11	1	2	21	11	0	147.89	194.155	11	1	2	21	-11	0	2720:2725	490:490	-1:-1	1813:2562	chr19:18724792-18724792~0~18724398-18724675	10	9	9	1	1	0	21	5-prime-inversion	one_half_side_tprt_both	one_end_consistent	hit_end_of_consensus	13	102	24	17	80	404	0	67:47:3:39:77:6:68:22:14:10:20:13:28	0	2	0	21	187	not_in_SVA_copy	intron:ENSG00000253773.2:KB-1047C11.2/intron:ENSG00000156172.5:C8orf37	0/1
chr8	108123698	108123698	108123708	10	22	7	32	48	22	0	113.8	133.665	22	7	32	48	22	0	1911:1924	33:50	69:821	1519:2389	chr2_218846073_sibling	0	0	0	28	4	46	2	Not-5prime-inversion	two_side_tprt_both	one_end_consistent	hit_end_of_consensus	26	62	29	20	97	256	0	67:47:3:39:77:30:66:4:28:13:18:16:18:40:13:13:21:53:63	5	27	46	2	1931	not_in_SVA_copy	not_gene_region	0/1
chr8	117611591	117611591	117611604	13	18	14	39	39	0	14	123.83	117.865	18	14	39	39	0	-14	50:124	2668:2690	2061:2933	106:666	chr19_29898029_sibling	0	0	0	0	39	0	39	Not-5prime-inversion	two_side_tprt_both	both_end_consistent	hit_end_of_consensus	21	71	30	27	122	269	0	67:47:3:39:77:14:59:51:70:54:6:30:20:6:38:65:45:69:49:50	0	39	39	0	1894	not_in_SVA_copy	not_gene_region	0/1
chr8	127613056	127613044	127613056	12	12	30	34	51	12	0	110.0	120.125	12	30	34	51	12	0	1974:1997	45:132	92:628	1777:2657	not_transduction	0	0	0	34	0	51	0	Not-5prime-inversion	two_side_tprt_both	one_end_consistent	hit_end_of_consensus	31	46	24	35	132	245	0	67:47:3:39:77:9:15:15:23:24:27:28:32:36:47:51:51:55:59:61:70:70:74	0	34	51	0	1952	not_in_SVA_copy	not_gene_region	0/1
chr9	33130561	33130550	33130561	11	4	12	45	26	4	12	121.115	118.785	4	12	45	26	-4	-12	2098:2100	2648:2662	1806:2664	209:452	not_transduction	0	0	0	0	45	0	26	Not-5prime-inversion	two_side_tprt_both	one_end_consistent	hit_end_of_consensus	22	60	25	24	93	243	4	67:47:3:39:77:17:13:15:14:6:18:44:58:63:63	0	45	26	0	564	not_in_SVA_copy	intron:ENSG00000086062.12:B4GALT1	0/1
chr9	34703688	34703688	34703699	11	16	13	52	48	1	13	104.065	105.455	16	13	52	48	1	-13	76:147	2644:2646	1883:2755	117:633	not_transduction	0	0	0	0	52	0	48	Not-5prime-inversion	two_side_tprt_both	one_end_consistent	hit_end_of_consensus	20	49	23	26	147	267	0	67:47:3:39:77:2:2:16:21:21:25:28:41	1	51	48	0	2570	not_in_SVA_copy	not_gene_region	0/1
chr9	79122621	79122621	79122632	11	14	14	26	32	14	0	94.125	94.33	14	14	26	32	14	0	2647:2662	26:75	74:874	1864:2739	not_transduction	0	0	0	26	0	31	1	Not-5prime-inversion	two_side_tprt_both	one_end_consistent	hit_end_of_consensus	15	41	18	27	78	215	2	67:47:3:39:77:5:10:15:17:32:50:54:55:61:62:62:64	0	26	31	1	2636	not_in_SVA_copy	not_gene_region	0/1
chr9	104844321	104844306	104844321	15	9	24	44	30	9	0	111.12	84.25	9	24	44	30	9	0	2650:2661	0:84	64:603	2125:2941	chr3_106112565_sibling	0	0	0	43	1	29	1	Not-5prime-inversion	two_side_tprt_both	both_end_consistent	hit_end_of_consensus	29	55	21	25	101	255	0	67:47:3:39:77:6:15:43:50:52:53:58:68	0	44	30	0	1936	not_in_SVA_copy	intron:ENSG00000165029.15:ABCA1	0/1
chr9	131414409	131414409	131414424	15	15	13	35	50	0	13	87.995	121.28	15	13	35	50	0	-13	142:152	2561:2571	1798:2669	75:743	not_transduction	0	0	0	0	35	2	48	Not-5prime-inversion	two_side_tprt_both	both_end_consistent	hit_end_of_consensus	19	65	29	26	129	279	0	67:47:3:39:77:9:53:25:21:34:11:4:10:30:12:18:62:72:61:54	0	35	50	0	2429	not_in_SVA_copy	intron:ENSG00000130723.19:PRRC2B	0/1
chr9	134578272	134578255	134578272	17	7	19	9	31	7	0	103.21	90.685	7	19	9	31	7	0	2225:2225	16:73	134:590	1879:2749	not_transduction	0	0	0	9	0	31	0	Not-5prime-inversion	two_side_tprt_both	both_end_consistent	hit_end_of_consensus	21	57	20	29	86	250	0	67:47:3:39:77:13:14:17:20:21:21:27:29:49:51:53:55:82:108	0	9	31	0	2209	not_in_SVA_copy	not_gene_region	0/1
chr10	3041571	3041561	3041571	10	13	18	45	31	17	0	103.275	111.595	13	18	45	31	17	0	2636:2656	363:385	388:840	1873:2655	not_transduction	0	0	0	44	1	31	0	Not-5prime-inversion	two_side_tprt_both	both_end_consistent	hit_end_of_consensus	24	57	28	34	125	292	2	67:47:3:39:77:6:6:7:7:19:19:23:26:33:38:43:44:52:53:56:56:56:70	3	42	31	0	2293	not_in_SVA_copy	not_gene_region	0/1
chr10	17480888	17480873	17480888	15	12	25	56	53	12	0	119.665	126.545	12	25	56	53	12	0	2015:2022	1212:1234	1156:1942	1786:2648	not_transduction	0	0	0	56	0	52	1	Not-5prime-inversion	two_side_tprt_both	both_end_consistent	hit_end_of_consensus	37	48	23	37	123	249	0	67:47:3:39:77:4:5:5:7:7:11:11:15:17:18:18:23:36:36:40:44:48:50:50:63:66:73	0	56	52	1	810	not_in_SVA_copy	not_gene_region	0/1
chr10	80627643	80627643	80627654	11	10	8	16	51	10	0	110.86	117.21	10	8	16	51	10	0	2632:2666	24:54	64:384	1858:2737	not_transduction	0	0	0	16	0	50	1	Not-5prime-inversion	two_side_tprt_both	both_end_consistent	hit_end_of_consensus	13	64	20	20	80	268	0	67:47:3:39:77:28:7:14:28:68:58	0	16	50	1	2642	not_in_SVA_copy	intron:ENSG00000178217.14:SH2D4B	0/1
chr10	103608168	103608150	103608168	18	4	9	13	5	3	7	78.51	68.915	4	9	13	5	3	7	1855:1855	2945:2955	515:1013	2187:2635	not_transduction	0	0	0	12	1	5	0	Not-5prime-inversion	two_side_tprt_both	one_end_consistent	hit_end_of_consensus	24	41	21	25	66	199	0	67:47:3:39:77:5:2:13:102:81:43	4	9	5	0	1100	Fall_in_SVA_copy_2.5	intron:ENSG00000107957.16:SH3PXD2A/up_stream:ENSG00000273108.1:RP11-416N2.4	0/1
chr11	5105715	5105715	5105733	18	16	16	33	33	16	0	131.02	150.28	16	16	33	33	16	0	2746:2765	57:88	27:474	1828:2458	chr22_23853832_sibling	0	0	0	32	1	33	0	Not-5prime-inversion	two_side_tprt_both	both_end_consistent	hit_end_of_consensus	20	58	24	24	87	249	7	67:47:3:39:77:34:33:58:25:18:29:10:27:47	0	33	33	0	1973	not_in_SVA_copy	up_stream:ENSG00000236897.1:AC113331.9/down_stream:ENSG00000203560.3:OR52J1P	0/1
chr11	8818099	8818099	8818116	17	39	7	20	100	39	7	89.8	112.395	39	7	20	100	39	7	2437:2480	58:61	76:595	1701:2576	chr11_8977360_sibling	0	0	0	20	0	99	1	Not-5prime-inversion	two_side_tprt_both	both_end_consistent	hit_end_of_consensus	42	41	38	26	139	154	1	67:47:3:39:77:25:21:37:7:41:66:61:46:76:8:33:38:55:47:36:10:31:17:73:10:20:74	0	20	98	2	1924	not_in_SVA_copy	intron:ENSG00000166444.18:ST5	0/1
chr11	66394633	66394633	66394640	7	31	12	42	47	31	0	114.59	121.11	31	12	42	47	31	0	2440:2501	109:132	70:578	1707:2560	not_transduction	0	0	0	42	0	46	1	Not-5prime-inversion	two_side_tprt_both	both_end_consistent	hit_end_of_consensus	31	64	37	24	112	266	0	67:47:3:39:77:61:37:65:36:52:20:35:42:41:19:45:43:39:53:64:63:53:50:68:61:68	2	40	47	0	2392	not_in_SVA_copy	down_stream:ENSG00000202317.1:RNU1-84P	0/1
chr12	4633746	4633739	4633746	7	13	26	70	14	0	25	163.265	120.375	13	26	70	14	0	-25	2376:2376	2310:2330	1727:2579	2266:2800	not_transduction	0	0	0	0	70	0	14	Not-5prime-inversion	two_side_tprt_both	one_end_consistent	hit_end_of_consensus	43	51	27	37	116	254	7	67:47:3:39:77:3:3:4:4:8:9:11:13:16:19:25:25:36:38:46:51:66:68:75:76:110	0	70	14	0	66	not_in_SVA_copy	intron:ENSG00000272921.1:RP11-500M8.7/intron:ENSG00000111254.7:AKAP3	0/1
chr12	58635299	58635299	58635308	9	39	17	41	76	39	0	155.12	156.67	39	17	41	76	39	0	2270:2319	19:69	64:494	1716:2519	not_transduction	0	0	0	41	0	76	0	Not-5prime-inversion	two_side_tprt_both	both_end_consistent	hit_end_of_consensus	45	77	45	27	124	328	0	67:47:3:39:77:30:40:20:20:45:19:24:55:19:29:28:62:23:14:28:17:45:41:38:23:34:39:7:4:11:54:63:56:59:58	0	41	76	0	2300	not_in_SVA_copy	intron:ENSG00000257259.1:RP11-767I20.1/intron:ENSG00000258231.5:RP11-362K2.2	0/1
chr12	107281586	107281572	107281586	14	9	21	54	0	9	0	141.05	105.74	9	21	54	0	9	0	2648:2662	5:106	104:783	-1:-1	chr13_31753934_sibling	0	0	0	49	5	0	0	Not-5prime-inversion	one_half_side_tprt_both	one_end_consistent	hit_end_of_consensus	32	53	18	28	119	256	0	67:47:3:39:77:17:22:23:35:42:43:44:45:46:52:58:69	3	51	0	0	1896	not_in_SVA_copy	not_gene_region	0/1
chr13	35751189	35751189	35751200	11	24	19	57	31	0	18	133.305	124.445	24	19	57	31	0	-18	330:397	2691:2703	1824:2671	339:804	not_transduction	0	0	0	1	56	0	31	Not-5prime-inversion	two_side_tprt_both	both_end_consistent	hit_end_of_consensus	29	59	29	29	118	267	0	67:47:3:39:77:71:50:34:49:14:3:27:40:22:13:30:36:4:73	0	57	31	0	2373	not_in_SVA_copy	not_gene_region	0/1
chr13	41649599	41649592	41649599	7	14	22	88	40	0	22	157.82	128.255	14	22	88	40	0	-22	41:66	2075:2102	1763:2643	93:586	not_transduction	0	0	0	3	85	2	38	Not-5prime-inversion	two_side_tprt_both	both_end_consistent	hit_end_of_consensus	30	54	25	31	134	316	0	67:47:3:39:77:5:10:12:12:17:17:18:23:24:24:27:39:41:54	6	82	39	1	2061	not_in_SVA_copy	intron:ENSG00000102763.17:VWA8	0/1
chr13	51161130	51161130	51161141	11	36	25	49	69	36	0	119.585	109.785	36	25	49	69	36	0	2817:2835	56:136	78:640	1893:2738	not_transduction	0	0	0	48	1	69	0	Not-5prime-inversion	two_side_tprt_both	one_end_consistent	hit_end_of_consensus	48	44	41	31	171	166	0	67:47:3:39:77:32:23:39:16:28:66:25:4:2:29:24:13:35:24:34:21:23:21:11:103:53:84:100:103:108	6	43	69	0	2779	not_in_SVA_copy	intron:ENSG00000226792.7:RP11-547C18.3/up_stream:ENSG00000214878.2:RP11-457D13.1	0/1
chr13	81793576	81793562	81793576	14	33	36	110	47	0	29	119.54	69.825	33	36	110	47	0	-29	14:80	1959:1975	1639:2516	64:568	not_transduction	0	0	0	1	109	4	43	Not-5prime-inversion	two_side_tprt_both	one_end_consistent	hit_end_of_consensus	40	41	29	49	165	172	0	67:47:3:39:77:9:71:36:56:27:39:28:18:15:7:48:31:31:35	1	109	43	4	1961	not_in_SVA_copy	not_gene_region	0/1
chr13	85342025	85342002	85342025	23	6	7	17	2	6	7	91.825	101.63	6	7	17	2	-6	-7	2151:2155	2311:2312	112:856	2245:2467	chr1_162483043_sibling	0	0	0	2	15	2	0	5-prime-inversion	two_side_tprt_both	one_end_consistent	hit_end_of_consensus	21	41	23	20	53	264	4	67:47:3:39:77:9:19:21:29:30	13	4	0	2	1888	not_in_SVA_copy	not_gene_region	0/1
chr14	20707961	20707961	20707975	14	12	12	39	3	0	12	121.445	95.275	12	12	39	3	0	-12	31:52	2225:2238	1415:2167	65:94	not_transduction	0	0	0	2	37	0	3	Not-5prime-inversion	two_side_tprt_both	one_end_consistent	hit_end_of_consensus	24	55	18	29	82	273	0	67:47:3:39:77:3:4:10:11:13:22:24:35:38:78:80:97:109	0	39	3	0	2207	not_in_SVA_copy	down_stream:ENSG00000258451.1:RP11-903H12.3	0/1
chr14	39064034	39064009	39064034	25	28	36	43	95	28	1	131.295	112.555	28	36	43	95	28	-1	2029:2072	51:128	64:360	1872:2752	not_transduction	0	0	0	42	1	92	3	Not-5prime-inversion	two_side_tprt_both	both_end_consistent	hit_end_of_consensus	54	41	36	47	157	181	0	67:47:3:39:77:2:2:2:3:5:7:8:12:29:33:36:38:38:38:38:39:40:44:46:59:63:66:66:67:78:97:104	10	33	93	2	2021	not_in_SVA_copy	intron:ENSG00000100934.14:SEC23A	0/1
chr14	64980572	64980572	-1	-1	12	0	3	54	13	0	171.995	241.76	12	0	3	54	-13	0	2517:2519	-1:-1	2322:2700	1701:2543	not_transduction	0	0	0	1	2	0	54	Not-5prime-inversion	one_half_side_tprt	one_end_consistent	hit_end_of_consensus	26	117	35	18	146	483	0	67:47:3:39:77:40:20:22:63:75:21:70:22:39:63:32:62:41:17:22:84:45:85:76	0	3	1	53	221	not_in_SVA_copy	intron:ENSG00000125954.12:CHURC1-FNTB	0/1
chr14	81320432	81320429	81320432	3	7	23	44	16	0	23	128.835	120.04	7	23	44	16	0	-23	2183:2183	2046:2066	1742:2573	257:745	chr11_62074195_sibling	0	0	0	0	44	0	16	Not-5prime-inversion	two_side_tprt_both	one_end_consistent	hit_end_of_consensus	21	60	23	30	107	263	0	67:47:3:39:77:69:72:68:23:64:30:20:48	0	44	16	0	1743	not_in_SVA_copy	intron:ENSG00000140022.10:STON2	0/1
chr15	45697063	45697063	45697104	41	6	3	2	83	0	6	82.66	115.505	6	3	2	83	0	-6	2733:2739	2557:2557	2665:2738	74:479	not_transduction	0	0	0	0	2	0	83	Not-5prime-inversion	two_side_tprt_both	one_end_consistent	hit_end_of_consensus	18	52	24	20	133	205	7	67:47:3:39:77:7:12:7:16:33:64:51:77	1	1	48	35	182	not_in_SVA_copy	not_gene_region	0/1
chr15	45697481	45697481	45697490	9	19	8	36	53	0	7	116.515	129.12	19	8	36	53	0	-7	0:76	2646:2659	1824:2670	74:625	not_transduction	0	0	0	0	36	0	53	Not-5prime-inversion	two_side_tprt_both	both_end_consistent	hit_end_of_consensus	24	58	29	22	141	227	7	67:47:3:39:77:38:33:50:68:60:35:20:5:38:18:41:35:58:67	0	36	53	0	2596	not_in_SVA_copy	not_gene_region	0/1
chr15	62689062	62689062	62689085	23	18	2	0	44	20	1	128.65	144.32	18	2	0	44	-20	-1	2247:2251	220:220	-1:-1	1868:2742	chr16_81086170_sibling	0	0	0	0	0	2	42	5-prime-inversion	one_half_side_tprt_both	one_end_consistent	hit_end_of_consensus	22	62	45	21	127	344	0	67:47:3:39:77:117:85:102:92:42:43:30:60:25:7:30:29:25:57:57:47:79:28:43	0	0	2	42	132	not_in_SVA_copy	intron:ENSG00000171914.16:TLN2/intron:ENSG00000259756.1:RP11-625H11.2	0/1
chr15	63477827	63477827	63477843	16	16	16	30	29	15	0	115.41	104.275	16	16	30	29	15	0	2647:2661	113:131	74:567	1875:2737	chr9_38243725_sibling	0	0	0	30	0	29	0	Not-5prime-inversion	two_side_tprt_both	one_end_consistent	hit_end_of_consensus	21	56	26	31	105	320	0	67:47:3:39:77:8:8:10:12:19:22:27:27:47:49:50:50:56:60:61	0	30	29	0	1926	not_in_SVA_copy	not_gene_region	0/1
chr15	71768286	71768267	71768286	19	3	7	1	50	3	3	148.095	122.42	3	7	1	50	3	3	2734:2734	2852:2852	-1:-1	788:1600	not_transduction	0	0	0	1	0	50	0	Not-5prime-inversion	one_half_side_tprt_both	one_end_consistent	hit_end_of_consensus	23	41	26	25	89	356	0	67:47:3:39:77:2:17:6:17:9:37:20:2:8:7:8:9	0	1	1	49	118	not_in_SVA_copy	intron:ENSG00000187720.14:THSD4	0/1
chr15	84607680	84607680	84607691	11	23	21	53	38	0	21	108.28	101.725	23	21	53	38	0	-21	111:155	2618:2664	1533:2375	64:801	chr8_128826860_sibling	0	0	0	0	53	0	38	Not-5prime-inversion	two_side_tprt_both	one_end_consistent	hit_end_of_consensus	32	48	28	36	128	240	0	67:47:3:39:77:3:4:9:11:14:17:19:25:33:38:42:44:37:35:57:62:71:82:89	2	51	37	1	1936	not_in_SVA_copy	intron:ENSG00000275120.2:RP11-182J1.18/intron:ENSG00000176371.13:ZSCAN2	0/1
chr16	74811124	74811108	74811124	16	11	37	91	83	12	0	122.27	122.34	11	37	91	83	12	0	2672:2685	283:344	337:914	1675:2556	not_transduction	0	0	0	88	3	83	0	Not-5prime-inversion	two_side_tprt_both	one_end_consistent	hit_end_of_consensus	64	43	49	36	191	163	0	67:47:3:39:77:70:59:42:53:25:16:22:53:77:21:57:62:10:11:17:57:78:70:16:41:4:17:19:56:37:40:3:63:72:48:43:62:54	0	91	81	2	2402	not_in_SVA_copy	not_gene_region	0/1
chr16	75469417	75469417	75469436	19	7	4	35	49	7	0	69.665	80.88	7	4	35	49	7	0	2652:2665	1786:1789	64:728	1360:2212	not_transduction	0	0	0	32	3	47	2	Not-5prime-inversion	two_side_tprt_both	one_end_consistent	hit_end_of_consensus	35	42	29	23	180	151	0	67:47:3:39:77:32:2:4:7:8:76:23:7:9:19:8:71:21:95:11	2	33	48	1	879	not_in_SVA_copy	not_gene_region	0/1
chr17	5055911	5055891	5055911	20	7	12	77	53	0	12	93.415	80.525	7	12	77	53	0	-12	1786:1791	2052:2065	1782:2658	109:595	not_transduction	0	0	0	3	74	2	51	Not-5prime-inversion	two_side_tprt_both	one_end_consistent	hit_end_of_consensus	29	41	30	40	192	166	2	67:47:3:39:77:5:20:9:89:77:6:22:35:70:84:48	1	76	49	4	279	not_in_SVA_copy	not_gene_region	0/1
chr17	20038329	20038315	20038329	14	3	29	62	4	1	29	133.66	98.67	3	29	62	4	-1	-29	28:45	2646:2663	1855:2735	150:490	not_transduction	0	0	0	0	62	1	3	Not-5prime-inversion	two_side_tprt_both	one_end_consistent	hit_end_of_consensus	39	63	32	40	96	263	0	67:47:3:39:77:5:5:9:12:16:22:25:27:28:31:38:24:42:43:67:74:90:95:104:106	0	62	3	1	2635	not_in_SVA_copy	intron:ENSG00000128487.16:SPECC1	0/1
chr17	20092307	20092293	20092307	14	4	14	18	7	0	14	94.72	77.155	4	14	18	7	0	-14	45:52	2224:2226	2343:2822	116:564	chr4_76916086_sibling	0	0	0	2	16	0	7	Not-5prime-inversion	two_side_tprt_both	both_end_consistent	hit_end_of_consensus	38	41	34	41	129	152	0	67:47:3:39:77:2:3:4:5:5:5:6:6:9:10:15:21:24:30:32:45:84:84:95:96	0	18	7	0	1884	not_in_SVA_copy	intron:ENSG00000128487.16:SPECC1	0/1
chr17	43409609	43409599	43409609	10	13	19	38	26	13	0	94.115	95.34	13	19	38	26	13	0	2651:2685	17:81	64:589	1954:2635	chr11_83317657_sibling	0	0	0	38	0	26	0	Not-5prime-inversion	two_side_tprt_both	both_end_consistent	hit_end_of_consensus	24	57	28	24	104	269	0	67:47:3:39:77:5:20:25:33:33:39:52:60	4	34	24	2	1936	not_in_SVA_copy	not_gene_region	0/1
chr17	45583245	45583233	45583245	12	9	16	52	24	0	16	247.395	248.04	9	16	52	24	0	-16	17:78	2154:2170	1655:2503	64:482	not_transduction	0	0	0	6	46	0	24	Not-5prime-inversion	two_side_tprt_both	both_end_consistent	hit_end_of_consensus	27	82	22	33	100	558	22	67:47:3:39:77:4:6:6:6:11:24:26:27:28:39:40:40:45:47:49:58:60	7	45	23	1	2153	not_in_SVA_copy	not_gene_region	0/1
chr17	45593489	45593489	45593501	12	10	2	26	5	9	0	379.815	275.18	10	2	26	5	9	0	2223:2224	242:242	1766:2572	2294:2326	not_transduction	0	0	0	26	0	5	0	Not-5prime-inversion	two_side_tprt_both	one_end_consistent	hit_end_of_consensus	22	74	32	29	114	840	0	67:47:3:39:77:5:11:11:20:11:10:9:7:11:2:123:67:15:14:2:2	26	0	0	5	1982	not_in_SVA_copy	down_stream:ENSG00000280022.1:RP11-707O23.1	0/1
chr17	46076609	46076598	46076609	11	14	22	42	65	14	0	134.13	127.6	14	22	42	65	14	0	2031:2052	24:73	76:449	1590:2468	not_transduction	0	0	0	39	3	61	4	Not-5prime-inversion	two_side_tprt_both	one_end_consistent	hit_end_of_consensus	22	65	22	37	138	303	5	67:47:3:39:77:10:13:16:20:20:43:46:48:49:51:51:51:54:62:63:65	3	39	61	4	2028	not_in_SVA_copy	intron:ENSG00000120071.13:KANSL1	0/1
chr17	82802101	82802101	82802116	15	22	18	19	47	0	17	89.485	92.08	22	18	19	47	0	-17	1095:1131	11:11	1527:2396	1052:1812	chr2_156368619_sibling	0	0	0	0	19	1	46	Not-5prime-inversion	two_side_tprt_both	one_end_consistent	hit_end_of_consensus	25	49	33	38	116	248	0	67:47:3:39:77:9:11:12:14:15:19:22:24:31:11:46:48:72:80:109	0	19	46	1	948	not_in_SVA_copy	intron:ENSG00000141556.20:TBCD	0/1
chr18	49810945	49810937	49810945	8	26	33	90	95	25	0	135.95	117.675	26	33	90	95	25	0	1964:2031	14:85	71:558	1793:2660	not_transduction	0	0	0	88	2	94	1	Not-5prime-inversion	two_side_tprt_both	both_end_consistent	hit_end_of_consensus	44	41	39	38	170	169	0	67:47:3:39:77:5:8:8:10:14:27:14:32:36:37:38:54:56:56:57:64:66:71:77:78	8	82	94	1	2017	not_in_SVA_copy	intron:ENSG00000167315.17:ACAA2/intron:ENSG00000266997.2:RP11-886H22.1	0/1
chr19	12622411	12622411	12622370	41	14	1	59	7	16	0	120.735	128.055	14	1	59	7	16	0	2647:2697	160:160	1094:1921	997:1797	not_transduction	0	0	0	58	1	7	0	Not-5prime-inversion	two_side_tprt_both	one_end_consistent	hit_end_of_consensus	31	43	31	45	85	291	1	67:47:3:39:77:44:74:63:54:40:56:41:39:27:18:7:87	14	45	7	0	2537	Fall_in_SVA_copy_2.5	intron:ENSG00000188033.9:ZNF490/intron:ENSG00000173875.13:ZNF791	0/1
chr19	15364108	15364108	15364085	23	11	2	13	4	12	1	96.9	99.94	11	2	13	4	12	1	2678:2693	363:363	485:1295	856:1102	not_transduction	0	0	0	12	1	4	0	Not-5prime-inversion	two_side_tprt_both	one_end_consistent	hit_end_of_consensus	24	47	38	47	62	284	0	67:47:3:39:77:4:5:8:58:76:63:74:40:22:29:83	7	6	4	0	2330	Fall_in_SVA_copy_3.7	intron:ENSG00000105127.8:AKAP8	0/1
chr19	18724792	18724792	18724801	9	10	7	9	23	0	7	77.01	81.975	10	7	9	23	0	-7	32:55	2647:2650	1966:2737	90:930	not_transduction	0	0	0	0	9	1	22	Not-5prime-inversion	two_side_tprt_both	one_end_consistent	hit_end_of_consensus	10	53	21	28	91	223	0	67:47:3:39:77:16:16:44:24:48	0	9	22	1	2618	not_in_SVA_copy	intron:ENSG00000105662.15:CRTC1	0/1
chr19	21442994	21442973	21442994	21	6	8	20	4	4	8	101.79	105.405	6	8	20	4	-4	-8	129:129	2638:2665	2626:2738	813:1007	not_transduction	0	0	0	1	19	0	4	Not-5prime-inversion	two_side_tprt_both	one_end_consistent	hit_end_of_consensus	20	42	23	21	63	217	0	67:47:3:39:77:46:82:6	0	20	3	1	2536	Fall_in_SVA_copy_4.6	up_stream:ENSG00000268119.5:CTD-2561J22.5/intron:ENSG00000269237.1:CTD-2561J22.3	0/1
chr19	23828498	23828483	23828498	15	31	53	109	106	30	0	137.26	122.13	31	53	109	106	30	0	2304:2347	278:380	355:1090	1716:2596	not_transduction	0	0	0	104	5	106	0	Not-5prime-inversion	two_side_tprt_both	both_end_consistent	hit_end_of_consensus	65	41	42	49	245	167	9	67:47:3:39:77:3:5:9:11:19:22:26:28:29:29:30:35:38:42:43:44:44:46:52:53:54:57:61:62:62:63:64:66:66:71:71:73	6	103	106	0	2069	not_in_SVA_copy	intron:ENSG00000267924.1:RP11-255H23.4/intron:ENSG00000233836.7:RP11-255H23.2/down_stream:ENSG00000225178.5:RPSAP58	0/1
chr19	23845132	23845119	23845132	13	25	40	29	69	0	40	136.92	104.445	25	40	29	69	0	-40	33:62	2743:2782	1975:2730	133:730	chr1_28189022_sibling	0	0	0	0	29	1	68	Not-5prime-inversion	two_side_tprt_both	both_end_consistent	hit_end_of_consensus	57	41	35	45	190	169	17	67:47:3:39:77:8:17:19:20:21:24:27:28:29:29:37:37:38:38:38:39:43:43:44:45:53:56:58:59:60:65:66:66:81	0	29	68	1	1867	not_in_SVA_copy	intron:ENSG00000267924.1:RP11-255H23.4	0/1
chr19	39058508	39058532	39058508	24	7	8	18	11	5	3	99.99	73.775	7	8	18	11	-5	-3	1198:1200	2845:2861	1857:2704	1910:2662	not_transduction	0	0	0	0	18	0	11	Not-5prime-inversion	two_side_tprt_both	both_end_consistent	hit_end_of_consensus	27	42	30	36	93	227	1	67:47:3:39:77:5:4:7:8:11:17:19:21:23:24:24:34:34:41:54:84	0	18	11	0	1663	Fall_in_SVA_copy_0.0	not_gene_region	0/1
chr19	44449685	44449685	44449689	4	15	14	7	48	15	0	128.375	132.355	15	14	7	48	15	0	2468:2486	23:73	65:187	1867:2717	not_transduction	0	0	0	7	0	48	0	Not-5prime-inversion	two_side_tprt_both	one_end_consistent	hit_end_of_consensus	16	61	25	28	90	306	0	67:47:3:39:77:18:19:21:39:41:46:55:64:32:79	1	6	47	1	2463	not_in_SVA_copy	down_stream:ENSG00000267188.1:CTC-512J12.4/down_stream:ENSG00000278318.4:ZNF229	0/1
chr19	44490068	44490068	44490094	26	9	4	48	2	9	0	122.51	117.895	9	4	48	2	9	0	2699:2722	748:750	442:1293	2195:2748	not_transduction	0	0	0	46	2	2	0	Not-5prime-inversion	two_side_tprt_both	one_end_consistent	hit_end_of_consensus	15	54	30	26	70	258	9	67:47:3:39:77:35:51:38:41:23:39:45:26:16:6:36	35	13	2	0	1974	not_in_SVA_copy	intron:ENSG00000167384.10:ZNF180	0/1
chr19	46833494	46833482	46833494	12	4	9	15	10	4	0	101.62	108.865	4	9	15	10	4	0	216:216	174:198	76:353	1976:2564	not_transduction	0	0	0	15	0	10	0	Not-5prime-inversion	two_side_tprt_both	one_end_consistent	hit_end_of_consensus	22	57	29	32	120	302	6	67:47:3:39:77:9:22:25:26:30:35:79:61:73:63:83:94	1	14	10	0	42	not_in_SVA_copy	not_gene_region	0/1
chr20	4102186	4102186	4102199	13	17	6	4	54	17	0	141.555	116.41	17	6	4	54	17	0	2664:2688	78:91	95:358	1832:2688	chr9_87757842_sibling	0	0	0	4	0	54	0	Not-5prime-inversion	two_side_tprt_both	one_end_consistent	hit_end_of_consensus	29	65	28	20	94	286	0	67:47:3:39:77:11:4:93:87:68:69:28:54:31:3:31:79:21	0	4	52	2	1905	not_in_SVA_copy	not_gene_region	0/1
chr20	52091833	52091833	52091844	11	27	24	37	73	27	0	78.195	96.695	27	24	37	73	27	0	2595:2640	30:74	64:501	1978:2642	not_transduction	0	0	0	36	1	72	1	Not-5prime-inversion	two_side_tprt_both	both_end_consistent	hit_end_of_consensus	37	43	31	26	122	155	0	67:47:3:39:77:4:19:9:11:18:9:5:5:32:85:9:21:86:24:22:50	0	37	72	1	2610	not_in_SVA_copy	intron:ENSG00000020256.19:ZFP64	0/1
chr21	39908216	39908216	39908226	10	14	7	32	33	0	7	89.29	81.075	14	7	32	33	0	-7	87:134	2650:2664	1854:2728	96:519	chr6_122850065_sibling	0	0	0	0	32	2	31	Not-5prime-inversion	two_side_tprt_both	one_end_consistent	hit_end_of_consensus	16	62	25	24	102	266	0	67:47:3:39:77:13:58:49:12:37:38:65:47:21:8:26	1	31	31	2	1904	not_in_SVA_copy	intron:ENSG00000183036.10:PCP4	0/1
chr22	17653856	17653856	17653870	14	19	12	41	49	19	0	124.225	142.315	19	12	41	49	19	0	2623:2648	1772:1784	768:1642	1580:2430	not_transduction	0	0	0	39	2	47	2	Not-5prime-inversion	two_side_tprt_both	both_end_consistent	hit_end_of_consensus	22	60	30	28	134	294	1	67:47:3:39:77:33:20:50:34:31:34:39:24:26:56:2:51:31:40:70	2	39	49	0	876	not_in_SVA_copy	intron:ENSG00000099968.17:BCL2L13	0/1
chr22	49029648	49029648	49029656	8	16	15	38	45	16	0	114.215	111.35	16	15	38	45	16	0	2322:2331	24:66	76:515	1721:2454	not_transduction	0	0	0	37	1	43	2	Not-5prime-inversion	two_side_tprt_both	one_end_consistent	hit_end_of_consensus	18	65	32	27	115	285	8	67:47:3:39:77:18:25:26:36:37:46:48:55	3	35	43	2	2307	not_in_SVA_copy	not_gene_region	0/1
chrX	91080659	91080647	91080659	12	5	6	2	17	0	6	44.665	30.515	5	6	2	17	0	-6	47:58	2647:2650	2036:2297	65:756	chr10_100094885_sibling	0	0	0	0	2	0	17	Not-5prime-inversion	two_side_tprt_both	one_end_consistent	hit_end_of_consensus	19	41	17	28	83	145	0	67:47:3:39:77:3:4:5:9:14:49:56:57:61:103	0	2	17	0	1935	not_in_SVA_copy	not_gene_region	0/1
chrX	101542042	101542042	101542054	12	13	2	8	11	0	2	41.155	56.665	13	2	8	11	0	-2	1763:1772	2650:2650	1921:2667	899:1684	not_transduction	0	0	0	0	8	0	11	Not-5prime-inversion	two_side_tprt_both	one_end_consistent	hit_end_of_consensus	28	41	30	20	89	156	0	67:47:3:39:77:43:28:43:5:63:36:36:68:36:41:62:55:47:40	0	8	10	1	887	not_in_SVA_copy	not_gene_region	0/1
